  # energy grid [eV]     epsr     epsi
       0.001000       6.548675       0.000031
       0.031029       6.548826       0.000977
       0.061058       6.549261       0.001924
       0.091087       6.549979       0.002871
       0.121116       6.550982       0.003820
       0.151145       6.552270       0.004770
       0.181174       6.553842       0.005722
       0.211203       6.555701       0.006677
       0.241232       6.557846       0.007635
       0.271261       6.560279       0.008597
       0.301290       6.563001       0.009562
       0.331319       6.566013       0.010532
       0.361348       6.569316       0.011506
       0.391377       6.572912       0.012486
       0.421406       6.576802       0.013471
       0.451435       6.580989       0.014463
       0.481464       6.585474       0.015461
       0.511493       6.590260       0.016467
       0.541523       6.595348       0.017480
       0.571552       6.600741       0.018502
       0.601581       6.606441       0.019532
       0.631610       6.612451       0.020571
       0.661639       6.618775       0.021621
       0.691668       6.625414       0.022680
       0.721697       6.632373       0.023751
       0.751726       6.639654       0.024833
       0.781755       6.647261       0.025928
       0.811784       6.655199       0.027035
       0.841813       6.663469       0.028156
       0.871842       6.672078       0.029290
       0.901871       6.681029       0.030440
       0.931900       6.690327       0.031605
       0.961929       6.699976       0.032787
       0.991958       6.709982       0.033985
       1.021987       6.720349       0.035202
       1.052016       6.731084       0.036437
       1.082045       6.742191       0.037692
       1.112074       6.753677       0.038967
       1.142103       6.765548       0.040263
       1.172132       6.777811       0.041582
       1.202161       6.790472       0.042924
       1.232190       6.803539       0.044291
       1.262219       6.817018       0.045683
       1.292248       6.830918       0.047101
       1.322277       6.845247       0.048548
       1.352306       6.860014       0.050023
       1.382335       6.875226       0.051529
       1.412364       6.890894       0.053067
       1.442393       6.907027       0.054638
       1.472422       6.923635       0.056243
       1.502451       6.940728       0.057885
       1.532480       6.958318       0.059564
       1.562510       6.976417       0.061283
       1.592539       6.995036       0.063044
       1.622568       7.014188       0.064848
       1.652597       7.033886       0.066698
       1.682626       7.054144       0.068595
       1.712655       7.074977       0.070542
       1.742684       7.096399       0.072541
       1.772713       7.118427       0.074595
       1.802742       7.141077       0.076706
       1.832771       7.164367       0.078878
       1.862800       7.188315       0.081113
       1.892829       7.212940       0.083415
       1.922858       7.238263       0.085786
       1.952887       7.264305       0.088232
       1.982916       7.291089       0.090754
       2.012945       7.318637       0.093359
       2.042974       7.346975       0.096049
       2.073003       7.376129       0.098830
       2.103032       7.406127       0.101707
       2.133061       7.436997       0.104685
       2.163090       7.468771       0.107770
       2.193119       7.501481       0.110968
       2.223148       7.535161       0.114286
       2.253177       7.569848       0.117731
       2.283206       7.605581       0.121311
       2.313235       7.642401       0.125035
       2.343264       7.680350       0.128910
       2.373293       7.719476       0.132948
       2.403322       7.759828       0.137159
       2.433351       7.801458       0.141555
       2.463380       7.844422       0.146148
       2.493409       7.888781       0.150953
       2.523438       7.934599       0.155984
       2.553467       7.981943       0.161258
       2.583496       8.030889       0.166794
       2.613526       8.081515       0.172612
       2.643555       8.133907       0.178734
       2.673584       8.188157       0.185185
       2.703613       8.244364       0.191993
       2.733642       8.302636       0.199188
       2.763671       8.363090       0.206804
       2.793700       8.425853       0.214881
       2.823729       8.491064       0.223462
       2.853758       8.558875       0.232597
       2.883787       8.629450       0.242340
       2.913816       8.702973       0.252757
       2.943845       8.779645       0.263921
       2.973874       8.859688       0.275917
       3.003903       8.943349       0.288845
       3.033932       9.030902       0.302819
       3.063961       9.122653       0.317978
       3.093990       9.218949       0.334485
       3.124019       9.320177       0.352537
       3.154048       9.426777       0.372373
       3.184077       9.539249       0.394289
       3.214106       9.658160       0.418656
       3.244135       9.784160       0.445946
       3.274164       9.917987       0.476772
       3.304193      10.060467       0.511949
       3.334222      10.212502       0.552574
       3.364251      10.374990       0.600147
       3.394280      10.548639       0.656692
       3.424309      10.733583       0.724713
       3.454338      10.928994       0.806598
       3.484367      11.133961       0.903439
       3.514396      11.350276       1.016498
       3.544425      11.580114       1.152971
       3.574454      11.816079       1.323624
       3.604483      12.040397       1.528335
       3.634513      12.243535       1.746917
       3.664542      12.445229       1.961208
       3.694571      12.671042       2.184387
       3.724600      12.926513       2.441690
       3.754629      13.205751       2.760343
       3.784658      13.482816       3.167763
       3.814687      13.713906       3.674069
       3.844716      13.844709       4.263053
       3.874745      13.834326       4.869243
       3.904774      13.718831       5.410847
       3.934803      13.579216       5.888471
       3.964832      13.424420       6.361826
       3.994861      13.200653       6.829737
       4.024890      12.911433       7.223293
       4.054919      12.638411       7.530526
       4.084948      12.412393       7.825562
       4.114977      12.182725       8.146161
       4.145006      11.918371       8.467014
       4.175035      11.629307       8.774733
       4.205064      11.303023       9.081984
       4.235093      10.905190       9.353876
       4.265122      10.474603       9.528478
       4.295151      10.086612       9.632059
       4.325180       9.724125       9.735649
       4.355209       9.322269       9.820568
       4.385238       8.888789       9.821288
       4.415267       8.478085       9.703695
       4.445296       8.170609       9.475001
       4.475325       8.025651       9.216247
       4.505354       8.019405       9.016293
       4.535383       8.101977       8.913262
       4.565412       8.234497       8.927345
       4.595441       8.367086       9.082836
       4.625470       8.411332       9.371397
       4.655499       8.300884       9.695386
       4.685529       8.092976       9.937745
       4.715558       7.918001      10.108377
       4.745587       7.799498      10.340473
       4.775616       7.598725      10.695673
       4.805645       7.196495      11.050219
       4.835674       6.655774      11.236537
       4.865703       6.136460      11.226502
       4.895732       5.734096      11.108041
       4.925761       5.453077      10.975460
       4.955790       5.264248      10.890448
       4.985819       5.106786      10.905750
       5.015848       4.879662      11.003216
       5.045877       4.550783      11.089487
       5.075906       4.162812      11.104865
       5.105935       3.765115      11.034528
       5.135964       3.400791      10.885179
       5.165993       3.112356      10.685321
       5.196022       2.915114      10.503367
       5.226051       2.750450      10.401597
       5.256080       2.524719      10.356377
       5.286109       2.220045      10.262531
       5.316138       1.937093      10.065502
       5.346167       1.761140       9.847302
       5.376196       1.643809       9.720547
       5.406225       1.452793       9.683622
       5.436254       1.137404       9.604962
       5.466283       0.798970       9.391871
       5.496312       0.543435       9.093237
       5.526341       0.372416       8.795044
       5.556370       0.235853       8.524241
       5.586399       0.107860       8.258047
       5.616428       0.001274       7.978766
       5.646457      -0.065159       7.694553
       5.676486      -0.085871       7.430823
       5.706516      -0.083809       7.215169
       5.736545      -0.104083       7.042982
       5.766574      -0.170376       6.866807
       5.796603      -0.250203       6.634530
       5.826632      -0.272196       6.349188
       5.856661      -0.201354       6.082307
       5.886690      -0.085003       5.902825
       5.916719      -0.005152       5.804037
       5.946748       0.008010       5.718666
       5.976777      -0.009957       5.600959
       6.006806      -0.019894       5.457400
       6.036835      -0.013795       5.311855
       6.066864      -0.004443       5.174109
       6.096893       0.001019       5.036029
       6.126922       0.008558       4.892668
       6.156951       0.020062       4.749875
       6.186980       0.023523       4.603931
       6.217009       0.026496       4.428741
       6.247038       0.070651       4.226220
       6.277067       0.170472       4.043656
       6.307096       0.289643       3.913099
       6.337125       0.390359       3.820340
       6.367154       0.467314       3.738235
       6.397183       0.528090       3.654976
       6.427212       0.578159       3.561583
       6.457241       0.633620       3.452445
       6.487270       0.708115       3.342181
       6.517299       0.792909       3.247259
       6.547328       0.872463       3.164959
       6.577357       0.945675       3.083241
       6.607386       1.019827       2.999543
       6.637415       1.097270       2.917259
       6.667444       1.176757       2.838123
       6.697473       1.256042       2.763410
       6.727503       1.327600       2.689392
       6.757532       1.394508       2.598404
       6.787561       1.482724       2.487424
       6.817590       1.605633       2.380932
       6.847619       1.751623       2.300184
       6.877648       1.900699       2.249782
       6.907677       2.039601       2.218878
       6.937706       2.170841       2.196820
       6.967735       2.297580       2.185386
       6.997764       2.413370       2.184330
       7.027793       2.515601       2.185165
       7.057822       2.607789       2.181496
       7.087851       2.695357       2.168925
       7.117880       2.786567       2.147624
       7.147909       2.885075       2.124107
       7.177938       2.986662       2.101089
       7.207967       3.090702       2.072597
       7.237996       3.205863       2.035498
       7.268025       3.341545       1.994364
       7.298054       3.505172       1.959826
       7.328083       3.696426       1.949277
       7.358112       3.901025       1.978077
       7.388141       4.096875       2.046956
       7.418170       4.269919       2.142530
       7.448199       4.418605       2.250886
       7.478228       4.545155       2.364189
       7.508257       4.650315       2.473759
       7.538286       4.743178       2.568757
       7.568315       4.838623       2.649828
       7.598344       4.943355       2.724464
       7.628373       5.062136       2.797598
       7.658402       5.199305       2.880771
       7.688431       5.346351       2.986366
       7.718460       5.489540       3.112988
       7.748489       5.626798       3.247921
       7.778519       5.774821       3.387835
       7.808548       5.943964       3.555316
       7.838577       6.117259       3.772690
       7.868606       6.270809       4.044058
       7.898635       6.383637       4.366975
       7.928664       6.425100       4.734260
       7.958693       6.356944       5.101404
       7.988722       6.198216       5.385341
       8.018751       6.037969       5.553380
       8.048780       5.951802       5.650075
       8.078809       5.966961       5.756275
       8.108838       6.040782       5.959242
       8.138867       6.066978       6.279220
       8.168896       5.971272       6.635342
       8.198925       5.790148       6.937147
       8.228954       5.589552       7.195840
       8.258983       5.345176       7.441797
       8.289012       5.036256       7.616570
       8.319041       4.736911       7.676480
       8.349070       4.515933       7.668018
       8.379099       4.382878       7.652629
       8.409128       4.320734       7.682383
       8.439157       4.278908       7.794487
       8.469186       4.190253       7.977907
       8.499215       4.018369       8.174035
       8.529244       3.786701       8.316226
       8.559273       3.570675       8.386261
       8.589302       3.427899       8.454957
       8.619331       3.303296       8.617264
       8.649360       3.075075       8.852094
       8.679389       2.713615       9.042476
       8.709418       2.287679       9.115488
       8.739447       1.873588       9.068557
       8.769476       1.528376       8.932005
       8.799506       1.291074       8.775297
       8.829535       1.118309       8.692957
       8.859564       0.891280       8.690160
       8.889593       0.546418       8.652228
       8.919622       0.170315       8.460415
       8.949651      -0.087027       8.152223
       8.979680      -0.207061       7.868511
       9.009709      -0.286354       7.667981
       9.039738      -0.397345       7.509431
       9.069767      -0.545256       7.324683
       9.099796      -0.674634       7.073235
       9.129825      -0.716920       6.787738
       9.159854      -0.671230       6.551611
       9.189883      -0.613482       6.397267
       9.219912      -0.588852       6.271818
       9.249941      -0.563800       6.138326
       9.279970      -0.515017       6.022966
       9.309999      -0.463839       5.944666
       9.340028      -0.431329       5.895368
       9.370057      -0.428619       5.856828
       9.400086      -0.447610       5.804115
       9.430115      -0.459430       5.736444
       9.460144      -0.461425       5.683171
       9.490173      -0.486609       5.648440
       9.520202      -0.551348       5.595112
       9.550231      -0.623813       5.483302
       9.580260      -0.642948       5.323859
       9.610289      -0.588504       5.180544
       9.640318      -0.504635       5.100028
       9.670347      -0.446584       5.069242
       9.700376      -0.429218       5.044627
       9.730405      -0.433220       4.994473
       9.760434      -0.423598       4.911362
       9.790463      -0.370591       4.817685
       9.820492      -0.269559       4.755336
       9.850522      -0.158231       4.759037
       9.880551      -0.087918       4.810046
       9.910580      -0.060220       4.861908
       9.940609      -0.047257       4.905115
       9.970638      -0.043861       4.948968
      10.000667      -0.045682       4.991856
      10.030696      -0.043536       5.050778
      10.060725      -0.064783       5.152686
      10.090754      -0.165955       5.275221
      10.120783      -0.354669       5.338899
      10.150812      -0.557705       5.293691
      10.180841      -0.698465       5.177129
      10.210870      -0.773929       5.060720
      10.240899      -0.830660       4.969675
      10.270928      -0.898438       4.879846
      10.300957      -0.966177       4.757865
      10.330986      -0.991566       4.600066
      10.361015      -0.946927       4.450197
      10.391044      -0.857060       4.357513
      10.421073      -0.769902       4.329228
      10.451102      -0.714644       4.346042
      10.481131      -0.707817       4.383331
      10.511160      -0.750066       4.407987
      10.541189      -0.820193       4.395520
      10.571218      -0.889674       4.339857
      10.601247      -0.930548       4.253008
      10.631276      -0.931435       4.167635
      10.661305      -0.914119       4.112147
      10.691334      -0.913887       4.081778
      10.721363      -0.940662       4.042999
      10.751392      -0.970115       3.977179
      10.781421      -0.982769       3.894051
      10.811450      -0.975127       3.804981
      10.841479      -0.945653       3.715134
      10.871509      -0.885432       3.632978
      10.901538      -0.794170       3.586829
      10.931567      -0.705544       3.599446
      10.961596      -0.662372       3.655951
      10.991625      -0.682100       3.714479
      11.021654      -0.748528       3.735222
      11.051683      -0.825760       3.700532
      11.081712      -0.877587       3.620942
      11.111741      -0.888465       3.525040
      11.141770      -0.863380       3.437086
      11.171799      -0.816210       3.370819
      11.201828      -0.762191       3.328881
      11.231857      -0.712347       3.306988
      11.261886      -0.672392       3.297278
      11.291915      -0.641654       3.292657
      11.321944      -0.617368       3.290943
      11.351973      -0.599682       3.290957
      11.382002      -0.585032       3.289728
      11.412031      -0.569148       3.294543
      11.442060      -0.564656       3.312976
      11.472089      -0.587352       3.330410
      11.502118      -0.629300       3.321618
      11.532147      -0.661570       3.280400
      11.562176      -0.664875       3.231087
      11.592205      -0.654392       3.197361
      11.622234      -0.650102       3.171934
      11.652263      -0.648853       3.140615
      11.682292      -0.640655       3.104130
      11.712321      -0.623124       3.068736
      11.742350      -0.597263       3.039622
      11.772379      -0.568208       3.021834
      11.802408      -0.545353       3.013254
      11.832437      -0.530635       3.003141
      11.862466      -0.514924       2.985015
      11.892495      -0.486212       2.962089
      11.922525      -0.434982       2.949735
      11.952554      -0.370083       2.975143
      11.982583      -0.331094       3.050131
      12.012612      -0.356223       3.140501
      12.042641      -0.436404       3.194520
      12.072670      -0.532252       3.190326
      12.102699      -0.605258       3.135076
      12.132728      -0.631461       3.060545
      12.162757      -0.621650       3.002635
      12.192786      -0.603764       2.968076
      12.222815      -0.588421       2.942569
      12.252844      -0.566619       2.920464
      12.282873      -0.534096       2.915006
      12.312902      -0.506983       2.939044
      12.342931      -0.510180       2.985361
      12.372960      -0.555247       3.026845
      12.402989      -0.628695       3.036793
      12.433018      -0.704576       3.008825
      12.463047      -0.767309       2.953680
      12.493076      -0.812915       2.878503
      12.523105      -0.832435       2.787546
      12.553134      -0.817247       2.697322
      12.583163      -0.776825       2.628471
      12.613192      -0.732335       2.584644
      12.643221      -0.694912       2.552677
      12.673250      -0.658196       2.522115
      12.703279      -0.614569       2.497182
      12.733308      -0.565976       2.484327
      12.763337      -0.516129       2.487374
      12.793366      -0.473083       2.510259
      12.823395      -0.449232       2.549330
      12.853424      -0.452171       2.591118
      12.883453      -0.476610       2.620791
      12.913482      -0.512243       2.633853
      12.943512      -0.552124       2.629260
      12.973541      -0.588753       2.608731
      13.003570      -0.619376       2.576346
      13.033599      -0.641008       2.531647
      13.063628      -0.645147       2.479193
      13.093657      -0.630931       2.431497
      13.123686      -0.606557       2.394680
      13.153715      -0.575986       2.367939
      13.183744      -0.539727       2.356297
      13.213773      -0.510670       2.367714
      13.243802      -0.509843       2.390325
      13.273831      -0.536008       2.395113
      13.303860      -0.563851       2.369677
      13.333889      -0.572997       2.325324
      13.363918      -0.558622       2.280060
      13.393947      -0.528181       2.247960
      13.423976      -0.494707       2.233587
      13.454005      -0.469799       2.231395
      13.484034      -0.455455       2.229803
      13.514063      -0.444290       2.222927
      13.544092      -0.430063       2.213917
      13.574121      -0.413638       2.208309
      13.604150      -0.401584       2.205874
      13.634179      -0.394265       2.195835
      13.664208      -0.374924       2.174992
      13.694237      -0.334165       2.163334
      13.724266      -0.288080       2.177060
      13.754295      -0.254113       2.210011
      13.784324      -0.234581       2.252466
      13.814353      -0.231212       2.302423
      13.844382      -0.250135       2.353614
      13.874411      -0.292716       2.393142
      13.904440      -0.348673       2.406264
      13.934469      -0.395928       2.392337
      13.964498      -0.422842       2.369695
      13.994528      -0.438139       2.354236
      14.024557      -0.455402       2.344632
      14.054586      -0.475621       2.331763
      14.084615      -0.492792       2.314538
      14.114644      -0.504769       2.297998
      14.144673      -0.516833       2.286774
      14.174702      -0.536835       2.275613
      14.204731      -0.561221       2.253223
      14.234760      -0.575953       2.219253
      14.264789      -0.575939       2.188097
      14.294818      -0.572524       2.167961
      14.324847      -0.573858       2.152689
      14.354876      -0.578639       2.136938
      14.384905      -0.585320       2.119134
      14.414934      -0.591670       2.097583
      14.444963      -0.594325       2.073450
      14.474992      -0.592327       2.049284
      14.505021      -0.584481       2.027776
      14.535050      -0.572549       2.015776
      14.565079      -0.567961       2.016289
      14.595108      -0.580402       2.018029
      14.625137      -0.604591       2.007183
      14.655166      -0.628918       1.980555
      14.685195      -0.644818       1.941676
      14.715224      -0.647015       1.898436
      14.745253      -0.638741       1.860154
      14.775282      -0.627801       1.827724
      14.805311      -0.616550       1.796451
      14.835340      -0.601460       1.763159
      14.865369      -0.576179       1.731121
      14.895398      -0.540852       1.711557
      14.925427      -0.508491       1.711677
      14.955456      -0.494150       1.723892
      14.985485      -0.501636       1.730773
      15.015515      -0.519281       1.717885
      15.045544      -0.529936       1.686224
      15.075573      -0.526118       1.646306
      15.105602      -0.507847       1.606292
      15.135631      -0.477010       1.572502
      15.165660      -0.437968       1.549612
      15.195689      -0.395794       1.540417
      15.225718      -0.358598       1.546183
      15.255747      -0.335288       1.559550
      15.285776      -0.323751       1.568571
      15.315805      -0.314770       1.569957
      15.345834      -0.302110       1.567472
      15.375863      -0.284211       1.567723
      15.405892      -0.265595       1.576991
      15.435921      -0.256311       1.595671
      15.465950      -0.263463       1.613212
      15.495979      -0.281001       1.617657
      15.526008      -0.297827       1.607963
      15.556037      -0.308365       1.589112
      15.586066      -0.311877       1.566196
      15.616095      -0.310973       1.540033
      15.646124      -0.302408       1.507331
      15.676153      -0.278026       1.472675
      15.706182      -0.236728       1.447828
      15.736211      -0.186276       1.442883
      15.766240      -0.140218       1.461329
      15.796269      -0.112806       1.496889
      15.826298      -0.111724       1.533327
      15.856327      -0.128952       1.551955
      15.886356      -0.144670       1.548561
      15.916385      -0.146124       1.534937
      15.946414      -0.134201       1.525433
      15.976443      -0.119661       1.527132
      16.006472      -0.113225       1.534414
      16.036502      -0.113621       1.535673
      16.066531      -0.110077       1.528459
      16.096560      -0.095802       1.520319
      16.126589      -0.071957       1.522686
      16.156618      -0.052377       1.542764
      16.186647      -0.051118       1.568909
      16.216676      -0.062483       1.585389
      16.246705      -0.074737       1.592289
      16.276734      -0.086722       1.595463
      16.306763      -0.101879       1.592948
      16.336792      -0.115039       1.577731
      16.366821      -0.112575       1.553410
      16.396850      -0.090439       1.536910
      16.426879      -0.060807       1.542175
      16.456908      -0.043330       1.568959
      16.486937      -0.050305       1.600238
      16.516966      -0.073872       1.618426
      16.546995      -0.101339       1.622810
      16.577024      -0.131037       1.615801
      16.607053      -0.158545       1.591912
      16.637082      -0.170161       1.553477
      16.667111      -0.159619       1.515344
      16.697140      -0.134185       1.491239
      16.727169      -0.108395       1.484688
      16.757198      -0.093100       1.486045
      16.787227      -0.084709       1.482601
      16.817256      -0.071729       1.473396
      16.847285      -0.049621       1.467803
      16.877314      -0.024100       1.473599
      16.907343      -0.004275       1.491177
      16.937372       0.003132       1.514363
      16.967401      -0.002855       1.534282
      16.997430      -0.017730       1.542234
      17.027459      -0.029382       1.534080
      17.057488      -0.025899       1.518594
      17.087518      -0.008053       1.510282
      17.117547       0.013106       1.516000
      17.147576       0.027500       1.531332
      17.177605       0.034012       1.547582
      17.207634       0.038330       1.561265
      17.237663       0.044753       1.576083
      17.267692       0.050877       1.598284
      17.297721       0.047501       1.628200
      17.327750       0.029643       1.655885
      17.357779       0.003511       1.672325
      17.387808      -0.021557       1.677161
      17.417837      -0.039700       1.675952
      17.447866      -0.050877       1.676575
      17.477895      -0.061905       1.684076
      17.507924      -0.080866       1.694168
      17.537953      -0.106044       1.698317
      17.567982      -0.130705       1.697390
      17.598011      -0.157938       1.696156
      17.628040      -0.193403       1.687680
      17.658069      -0.229031       1.661936
      17.688098      -0.250420       1.622486
      17.718127      -0.253572       1.583635
      17.748156      -0.247813       1.554180
      17.778185      -0.241123       1.530209
      17.808214      -0.231300       1.507497
      17.838243      -0.216416       1.489786
      17.868272      -0.201960       1.479149
      17.898301      -0.190182       1.469135
      17.928330      -0.172790       1.458577
      17.958359      -0.148724       1.459083
      17.988388      -0.131702       1.475260
      18.018417      -0.132382       1.495900
      18.048446      -0.146646       1.506361
      18.078475      -0.161545       1.503257
      18.108505      -0.170173       1.492769
      18.138534      -0.171016       1.480559
      18.168563      -0.166241       1.472574
      18.198592      -0.161895       1.469570
      18.228621      -0.159833       1.467606
      18.258650      -0.157656       1.465297
      18.288679      -0.155097       1.465187
      18.318708      -0.155754       1.466579
      18.348737      -0.158392       1.465287
      18.378766      -0.159242       1.463024
      18.408795      -0.161139       1.462697
      18.438824      -0.166573       1.459347
      18.468853      -0.168061       1.450166
      18.498882      -0.162077       1.444270
      18.528911      -0.157908       1.445887
      18.558940      -0.160371       1.446176
      18.588969      -0.160687       1.439361
      18.618998      -0.151029       1.433926
      18.649027      -0.137303       1.440381
      18.679056      -0.130869       1.458768
      18.709085      -0.138827       1.481248
      18.739114      -0.160594       1.497329
      18.769143      -0.188795       1.500931
      18.799172      -0.215777       1.492361
      18.829201      -0.236410       1.475350
      18.859230      -0.248922       1.456010
      18.889259      -0.258071       1.439534
      18.919288      -0.270693       1.421593
      18.949317      -0.282324       1.393173
      18.979346      -0.281482       1.356093
      19.009375      -0.263556       1.321164
      19.039404      -0.233327       1.299250
      19.069433      -0.202633       1.294378
      19.099462      -0.181736       1.299771
      19.129491      -0.170908       1.304503
      19.159521      -0.162723       1.303730
      19.189550      -0.151578       1.300471
      19.219579      -0.137301       1.298498
      19.249608      -0.120633       1.299394
      19.279637      -0.102818       1.305628
      19.309666      -0.088559       1.317862
      19.339695      -0.081183       1.330867
      19.369724      -0.076259       1.339129
      19.399753      -0.067194       1.345862
      19.429782      -0.055790       1.357918
      19.459811      -0.048616       1.375484
      19.489840      -0.048278       1.393203
      19.519869      -0.051831       1.406792
      19.549898      -0.055235       1.416436
      19.579927      -0.057171       1.424272
      19.609956      -0.058068       1.431291
      19.639985      -0.058416       1.436753
      19.670014      -0.055571       1.438166
      19.700043      -0.041933       1.438561
      19.730072      -0.016554       1.450702
      19.760101       0.007105       1.482477
      19.790130       0.016523       1.525640
      19.820159       0.012628       1.569193
      19.850188       0.000432       1.610140
      19.880217      -0.018232       1.648043
      19.910246      -0.040441       1.681372
      19.940275      -0.061959       1.714264
      19.970304      -0.088367       1.753782
      20.000333      -0.131479       1.794855
      20.030362      -0.191763       1.820804
      20.060391      -0.252618       1.822258
      20.090420      -0.299003       1.808331
      20.120449      -0.329598       1.791246
      20.150478      -0.346998       1.777729
      20.180508      -0.354842       1.774125
      20.210537      -0.361504       1.783880
      20.240566      -0.374078       1.802526
      20.270595      -0.391649       1.824751
      20.300624      -0.410711       1.851901
      20.330653      -0.433040       1.890878
      20.360682      -0.470911       1.945797
      20.390711      -0.539197       2.006102
      20.420740      -0.638957       2.051797
      20.450769      -0.758420       2.069733
      20.480798      -0.883547       2.056211
      20.510827      -1.002145       2.015616
      20.540856      -1.111159       1.956068
      20.570885      -1.211030       1.877267
      20.600914      -1.294079       1.779040
      20.630943      -1.354054       1.668084
      20.660972      -1.387346       1.552511
      20.691001      -1.394677       1.443983
      20.721030      -1.384608       1.351268
      20.751059      -1.367959       1.275904
      20.781088      -1.352907       1.212745
      20.811117      -1.340233       1.154513
      20.841146      -1.326610       1.099169
      20.871175      -1.311327       1.048243
      20.901204      -1.296412       1.002503
      20.931233      -1.284494       0.959804
      20.961262      -1.274632       0.916291
      20.991291      -1.263901       0.871745
      21.021320      -1.252374       0.826891
      21.051349      -1.239211       0.779867
      21.081378      -1.220449       0.731212
      21.111407      -1.194729       0.685735
      21.141436      -1.165674       0.646667
      21.171465      -1.136781       0.612723
      21.201494      -1.108436       0.581672
      21.231524      -1.079745       0.552941
      21.261553      -1.050606       0.526854
      21.291582      -1.020864       0.503374
      21.321611      -0.990423       0.483610
      21.351640      -0.960997       0.468332
      21.381669      -0.934130       0.456624
      21.411698      -0.910564       0.447370
      21.441727      -0.890980       0.439040
      21.471756      -0.874704       0.429255
      21.501785      -0.859186       0.417179
      21.531814      -0.842842       0.404108
      21.561843      -0.825397       0.391131
      21.591872      -0.806540       0.379572
      21.621901      -0.787848       0.371502
      21.651930      -0.772834       0.366046
      21.681959      -0.762085       0.359427
      21.711988      -0.753230       0.349768
      21.742017      -0.744392       0.337065
      21.772046      -0.733801       0.321727
      21.802075      -0.720073       0.305648
      21.832104      -0.703965       0.290910
      21.862133      -0.686874       0.277939
      21.892162      -0.669663       0.266454
      21.922191      -0.652597       0.255705
      21.952220      -0.634968       0.245448
      21.982249      -0.616407       0.236600
      22.012278      -0.597836       0.230136
      22.042307      -0.580884       0.225780
      22.072336      -0.566311       0.221826
      22.102365      -0.553047       0.216802
      22.132394      -0.539628       0.210868
      22.162423      -0.525518       0.204953
      22.192452      -0.511062       0.199935
      22.222481      -0.497254       0.195814
      22.252511      -0.484187       0.191486
      22.282540      -0.470542       0.186825
      22.312569      -0.455907       0.183358
      22.342598      -0.441675       0.182137
      22.372627      -0.429421       0.182592
      22.402656      -0.419940       0.183446
      22.432685      -0.413280       0.182885
      22.462714      -0.407851       0.179194
      22.492743      -0.401038       0.172575
      22.522772      -0.391572       0.165190
      22.552801      -0.380343       0.158852
      22.582830      -0.368676       0.153614
      22.612859      -0.356657       0.148919
      22.642888      -0.344003       0.145133
      22.672917      -0.331187       0.142803
      22.702946      -0.318978       0.141942
      22.732975      -0.307914       0.142058
      22.763004      -0.298045       0.142753
      22.793033      -0.289824       0.143800
      22.823062      -0.283522       0.143884
      22.853091      -0.277728       0.141883
      22.883120      -0.270746       0.138395
      22.913149      -0.262014       0.134940
      22.943178      -0.252113       0.132776
      22.973207      -0.241969       0.132498
      23.003236      -0.232692       0.134442
      23.033265      -0.225894       0.138318
      23.063294      -0.223103       0.142490
      23.093323      -0.224475       0.144016
      23.123352      -0.227336       0.140063
      23.153381      -0.227179       0.131490
      23.183410      -0.222916       0.122346
      23.213439      -0.216742       0.114443
      23.243468      -0.209830       0.107190
      23.273497      -0.202062       0.100432
      23.303527      -0.193747       0.094630
      23.333556      -0.185794       0.089628
      23.363585      -0.178392       0.084315
      23.393614      -0.170478       0.078190
      23.423643      -0.161291       0.072020
      23.453672      -0.151049       0.066644
      23.483701      -0.140308       0.062398
      23.513730      -0.129587       0.059247
      23.543759      -0.119197       0.056914
      23.573788      -0.109163       0.055158
      23.603817      -0.099512       0.053930
      23.633846      -0.090375       0.053104
      23.663875      -0.081733       0.052472
      23.693904      -0.073511       0.051997
      23.723933      -0.065803       0.051620
      23.753962      -0.058627       0.051089
      23.783991      -0.051765       0.050176
      23.814020      -0.044874       0.048870
      23.844049      -0.037719       0.047434
      23.874078      -0.030381       0.046165
      23.904107      -0.023090       0.045116
      23.934136      -0.015924       0.044153
      23.964165      -0.008811       0.043232
      23.994194      -0.001757       0.042384
      24.024223       0.005243       0.041552
      24.054252       0.012301       0.040736
      24.084281       0.019498       0.040075
      24.114310       0.026759       0.039754
      24.144339       0.033884       0.039857
      24.174368       0.040656       0.040317
      24.204397       0.046955       0.040942
      24.234426       0.052827       0.041548
      24.264455       0.058341       0.042098
      24.294484       0.063423       0.042531
      24.324514       0.068086       0.042573
      24.354543       0.072657       0.042017
      24.384572       0.077518       0.041008
      24.414601       0.082791       0.039889
      24.444630       0.088318       0.038895
      24.474659       0.093945       0.037999
      24.504688       0.099740       0.037163
      24.534717       0.105753       0.036573
      24.564746       0.111768       0.036399
      24.594775       0.117533       0.036530
      24.624804       0.123041       0.036761
      24.654833       0.128383       0.037061
      24.684862       0.133555       0.037479
      24.714891       0.138473       0.038040
      24.744920       0.142983       0.038687
      24.774949       0.146945       0.039180
      24.804978       0.150481       0.039103
      24.835007       0.154112       0.038288
      24.865036       0.158235       0.037062
      24.895065       0.162878       0.035772
      24.925094       0.167989       0.034657
      24.955123       0.173416       0.033956
      24.985152       0.178882       0.033773
      25.015181       0.184123       0.034048
      25.045210       0.188953       0.034603
      25.075239       0.193324       0.035188
      25.105268       0.197344       0.035619
      25.135297       0.201139       0.035828
      25.165326       0.204814       0.035774
      25.195355       0.208520       0.035465
      25.225384       0.212354       0.035032
      25.255413       0.216273       0.034589
      25.285442       0.220206       0.034162
      25.315471       0.224094       0.033711
      25.345501       0.227970       0.033144
      25.375530       0.231961       0.032466
      25.405559       0.236127       0.031797
      25.435588       0.240421       0.031244
      25.465617       0.244767       0.030851
      25.495646       0.249089       0.030639
      25.525675       0.253280       0.030582
      25.555704       0.257282       0.030557
      25.585733       0.261171       0.030446
      25.615762       0.265082       0.030266
      25.645791       0.269048       0.030132
      25.675820       0.272999       0.030120
      25.705849       0.276838       0.030225
      25.735878       0.280520       0.030374
      25.765907       0.284068       0.030525
      25.795936       0.287470       0.030705
      25.825965       0.290611       0.030875
      25.855994       0.293447       0.030818
      25.886023       0.296194       0.030327
      25.916052       0.299156       0.029472
      25.946081       0.302473       0.028506
      25.976110       0.306049       0.027690
      26.006139       0.309630       0.027085
      26.036168       0.313071       0.026513
      26.066197       0.316467       0.025804
      26.096226       0.319988       0.024978
      26.126255       0.323680       0.024173
      26.156284       0.327478       0.023466
      26.186313       0.331339       0.022864
      26.216342       0.335241       0.022400
      26.246371       0.339113       0.022114
      26.276400       0.342823       0.021975
      26.306429       0.346310       0.021811
      26.336458       0.349709       0.021472
      26.366487       0.353190       0.021021
      26.396517       0.356767       0.020579
      26.426546       0.360389       0.020191
      26.456575       0.364022       0.019869
      26.486604       0.367636       0.019605
      26.516633       0.371213       0.019382
      26.546662       0.374760       0.019185
      26.576691       0.378264       0.019019
      26.606720       0.381706       0.018844
      26.636749       0.385148       0.018611
      26.666778       0.388670       0.018388
      26.696807       0.392232       0.018291
      26.726836       0.395706       0.018332
      26.756865       0.399020       0.018425
      26.786894       0.402174       0.018477
      26.816923       0.405211       0.018409
      26.846952       0.408231       0.018171
      26.876981       0.411353       0.017815
      26.907010       0.414592       0.017459
      26.937039       0.417877       0.017152
      26.967068       0.421176       0.016863
      26.997097       0.424516       0.016581
      27.027126       0.427916       0.016348
      27.057155       0.431344       0.016213
      27.087184       0.434739       0.016182
      27.117213       0.438064       0.016225
      27.147242       0.441307       0.016317
      27.177271       0.444446       0.016435
      27.207300       0.447472       0.016531
      27.237329       0.450404       0.016567
      27.267358       0.453255       0.016502
      27.297387       0.456089       0.016269
      27.327416       0.459047       0.015880
      27.357445       0.462211       0.015479
      27.387474       0.465513       0.015210
      27.417504       0.468823       0.015107
      27.447533       0.472048       0.015109
      27.477562       0.475171       0.015121
      27.507591       0.478262       0.015086
      27.537620       0.481385       0.015051
      27.567649       0.484504       0.015072
      27.597678       0.487578       0.015123
      27.627707       0.490621       0.015179
      27.657736       0.493636       0.015259
      27.687765       0.496591       0.015352
      27.717794       0.499493       0.015406
      27.747823       0.502390       0.015422
      27.777852       0.505288       0.015421
      27.807881       0.508192       0.015400
      27.837910       0.511122       0.015380
      27.867939       0.514057       0.015383
      27.897968       0.516991       0.015388
      27.927997       0.519965       0.015409
      27.958026       0.522972       0.015523
      27.988055       0.525922       0.015777
      28.018084       0.528697       0.016129
      28.048113       0.531231       0.016445
      28.078142       0.533572       0.016556
      28.108171       0.535900       0.016367
      28.138200       0.538415       0.015947
      28.168229       0.541194       0.015488
      28.198258       0.544156       0.015149
      28.228287       0.547169       0.014968
      28.258316       0.550140       0.014896
      28.288345       0.553054       0.014863
      28.318374       0.555931       0.014838
      28.348403       0.558779       0.014805
      28.378432       0.561627       0.014746
      28.408461       0.564520       0.014684
      28.438490       0.567447       0.014685
      28.468520       0.570327       0.014764
      28.498549       0.573118       0.014839
      28.528578       0.575887       0.014843
      28.558607       0.578718       0.014821
      28.588636       0.581592       0.014864
      28.618665       0.584417       0.014979
      28.648694       0.587170       0.015094
      28.678723       0.589892       0.015183
      28.708752       0.592581       0.015264
      28.738781       0.595222       0.015297
      28.768810       0.597875       0.015243
      28.798839       0.600608       0.015146
      28.828868       0.603417       0.015077
      28.858897       0.606264       0.015070
      28.888926       0.609108       0.015146
      28.918955       0.611880       0.015288
      28.948984       0.614548       0.015412
      28.979013       0.617174       0.015448
      29.009042       0.619839       0.015408
      29.039071       0.622584       0.015351
      29.069100       0.625394       0.015351
      29.099129       0.628197       0.015446
      29.129158       0.630921       0.015593
      29.159187       0.633561       0.015734
      29.189216       0.636127       0.015832
      29.219245       0.638646       0.015840
      29.249274       0.641180       0.015744
      29.279303       0.643784       0.015566
      29.309332       0.646494       0.015366
      29.339361       0.649288       0.015220
      29.369390       0.652091       0.015150
      29.399419       0.654856       0.015109
      29.429448       0.657598       0.015059
      29.459477       0.660333       0.014998
      29.489507       0.663053       0.014928
      29.519536       0.665749       0.014827
      29.549565       0.668436       0.014653
      29.579594       0.671180       0.014387
      29.609623       0.674039       0.014080
      29.639652       0.677013       0.013795
      29.669681       0.680078       0.013574
      29.699710       0.683193       0.013448
      29.729739       0.686308       0.013414
      29.759768       0.689387       0.013445
      29.789797       0.692420       0.013497
      29.819826       0.695429       0.013544
      29.849855       0.698434       0.013579
      29.879884       0.701459       0.013609
      29.909913       0.704509       0.013662
      29.939942       0.707555       0.013750
      29.969971       0.710577       0.013850
      30.000000       0.713596       0.013934
