  # energy grid [eV]     epsr     epsi
       0.001000       6.548767       0.000032
       0.031029       6.548918       0.000978
       0.061058       6.549353       0.001924
       0.091087       6.550072       0.002871
       0.121116       6.551075       0.003820
       0.151145       6.552362       0.004770
       0.181174       6.553935       0.005723
       0.211203       6.555794       0.006678
       0.241232       6.557939       0.007636
       0.271261       6.560372       0.008597
       0.301290       6.563094       0.009563
       0.331319       6.566106       0.010533
       0.361348       6.569410       0.011507
       0.391377       6.573006       0.012487
       0.421406       6.576897       0.013472
       0.451435       6.581084       0.014464
       0.481464       6.585570       0.015463
       0.511493       6.590355       0.016468
       0.541523       6.595444       0.017482
       0.571552       6.600837       0.018503
       0.601581       6.606538       0.019534
       0.631610       6.612549       0.020573
       0.661639       6.618873       0.021622
       0.691668       6.625513       0.022682
       0.721697       6.632472       0.023753
       0.751726       6.639754       0.024835
       0.781755       6.647362       0.025930
       0.811784       6.655300       0.027037
       0.841813       6.663571       0.028158
       0.871842       6.672181       0.029293
       0.901871       6.681133       0.030443
       0.931900       6.690431       0.031608
       0.961929       6.700081       0.032790
       0.991958       6.710088       0.033988
       1.021987       6.720456       0.035205
       1.052016       6.731192       0.036440
       1.082045       6.742300       0.037695
       1.112074       6.753787       0.038970
       1.142103       6.765659       0.040267
       1.172132       6.777923       0.041586
       1.202161       6.790585       0.042928
       1.232190       6.803653       0.044295
       1.262219       6.817134       0.045687
       1.292248       6.831036       0.047106
       1.322277       6.845366       0.048553
       1.352306       6.860134       0.050028
       1.382335       6.875347       0.051534
       1.412364       6.891017       0.053072
       1.442393       6.907151       0.054643
       1.472422       6.923761       0.056249
       1.502451       6.940856       0.057890
       1.532480       6.958448       0.059570
       1.562510       6.976548       0.061290
       1.592539       6.995169       0.063050
       1.622568       7.014323       0.064855
       1.652597       7.034023       0.066704
       1.682626       7.054283       0.068602
       1.712655       7.075118       0.070549
       1.742684       7.096543       0.072548
       1.772713       7.118573       0.074603
       1.802742       7.141225       0.076714
       1.832771       7.164518       0.078887
       1.862800       7.188469       0.081122
       1.892829       7.213097       0.083424
       1.922858       7.238423       0.085796
       1.952887       7.264468       0.088242
       1.982916       7.291254       0.090765
       2.012945       7.318806       0.093370
       2.042974       7.347147       0.096060
       2.073003       7.376305       0.098842
       2.103032       7.406306       0.101719
       2.133061       7.437180       0.104698
       2.163090       7.468958       0.107783
       2.193119       7.501672       0.110982
       2.223148       7.535357       0.114301
       2.253177       7.570048       0.117747
       2.283206       7.605786       0.121327
       2.313235       7.642610       0.125051
       2.343264       7.680564       0.128928
       2.373293       7.719696       0.132967
       2.403322       7.760053       0.137179
       2.433351       7.801689       0.141576
       2.463380       7.844660       0.146170
       2.493409       7.889025       0.150975
       2.523438       7.934849       0.156008
       2.553467       7.982201       0.161283
       2.583496       8.031155       0.166821
       2.613526       8.081789       0.172640
       2.643555       8.134189       0.178763
       2.673584       8.188448       0.185216
       2.703613       8.244664       0.192026
       2.733642       8.302946       0.199222
       2.763671       8.363411       0.206841
       2.793700       8.426185       0.214921
       2.823729       8.491408       0.223504
       2.853758       8.559231       0.232641
       2.883787       8.629821       0.242388
       2.913816       8.703358       0.252808
       2.943845       8.780046       0.263976
       2.973874       8.860105       0.275977
       3.003903       8.943784       0.288909
       3.033932       9.031356       0.302889
       3.063961       9.123129       0.318054
       3.093990       9.219447       0.334568
       3.124019       9.320700       0.352627
       3.154048       9.427327       0.372472
       3.184077       9.539828       0.394398
       3.214106       9.658772       0.418777
       3.244135       9.784807       0.446081
       3.274164       9.918673       0.476925
       3.304193      10.061198       0.512122
       3.334222      10.213281       0.552772
       3.364251      10.375823       0.600377
       3.394280      10.549533       0.656961
       3.424309      10.734542       0.725034
       3.454338      10.930022       0.806983
       3.484367      11.135061       0.903908
       3.514396      11.351448       1.017075
       3.544425      11.581340       1.153690
       3.574454      11.817316       1.324506
       3.604483      12.041591       1.529346
       3.634513      12.244716       1.747987
       3.664542      12.446496       1.962365
       3.694571      12.672415       2.185750
       3.724600      12.927928       2.443369
       3.754629      13.207057       2.762411
       3.784658      13.483832       3.170151
       3.814687      13.714566       3.676646
       3.844716      13.844946       4.265690
       3.874745      13.834210       4.871653
       3.904774      13.718793       5.412983
       3.934803      13.579431       5.890815
       3.964832      13.424440       6.364707
       3.994861      13.199990       6.832812
       4.024890      12.910285       7.225998
       4.054919      12.637306       7.532909
       4.084948      12.411454       7.828070
       4.114977      12.181632       8.149142
       4.145006      11.916584       8.470414
       4.175035      11.626496       8.778081
       4.205064      11.299243       9.084711
       4.235093      10.900861       9.355565
       4.265122      10.470237       9.529168
       4.295151      10.082348       9.631930
       4.325180       9.720085       9.734617
       4.355209       9.318853       9.818631
       4.385238       8.886350       9.818801
       4.415267       8.476696       9.701058
       4.445296       8.170326       9.472631
       4.475325       8.026189       9.214805
       4.505354       8.019839       9.015968
       4.535383       8.101700       8.913331
       4.565412       8.233828       8.927050
       4.595441       8.366719       9.082120
       4.625470       8.411670       9.370743
       4.655499       8.301838       9.695510
       4.685529       8.093764       9.939101
       4.715558       7.917751      10.110565
       4.745587       7.797927      10.342684
       4.775616       7.596059      10.697103
       4.805645       7.193517      11.050395
       4.835674       6.653267      11.235742
       4.865703       6.134715      11.225257
       4.895732       5.733168      11.106883
       4.925761       5.452627      10.974963
       4.955790       5.263493      10.890732
       4.985819       5.105142      10.906201
       5.015848       4.877302      11.002986
       5.045877       4.548505      11.088275
       5.075906       4.161154      11.103147
       5.105935       3.763984      11.032726
       5.135964       3.400109      10.883398
       5.165993       3.112064      10.683782
       5.196022       2.914900      10.502154
       5.226051       2.750160      10.400463
       5.256080       2.524539      10.355190
       5.286109       2.220094      10.261485
       5.316138       1.937177      10.064781
       5.346167       1.760982       9.846816
       5.376196       1.643293       9.720008
       5.406225       1.452074       9.682729
       5.436254       1.136796       9.603658
       5.466283       0.798669       9.390259
       5.496312       0.543634       9.091442
       5.526341       0.373260       8.793412
       5.556370       0.237105       8.523184
       5.586399       0.109065       8.257599
       5.616428       0.002203       7.978674
       5.646457      -0.064516       7.694610
       5.676486      -0.085486       7.430894
       5.706516      -0.083593       7.215116
       5.736545      -0.103826       7.042782
       5.766574      -0.169984       6.866677
       5.796603      -0.249891       6.634591
       5.826632      -0.272089       6.349225
       5.856661      -0.201268       6.082212
       5.886690      -0.084881       5.902725
       5.916719      -0.005094       5.803915
       5.946748       0.008081       5.718394
       5.976777      -0.009694       5.600624
       6.006806      -0.019502       5.457180
       6.036835      -0.013389       5.311699
       6.066864      -0.003930       5.173970
       6.096893       0.001694       5.036052
       6.126922       0.009266       4.892993
       6.156951       0.020580       4.750494
       6.186980       0.023703       4.604627
       6.217009       0.026455       4.429285
       6.247038       0.070570       4.226602
       6.277067       0.170438       4.043934
       6.307096       0.289709       3.913344
       6.337125       0.390538       3.820643
       6.367154       0.467574       3.738694
       6.397183       0.528311       3.655687
       6.427212       0.578143       3.562484
       6.457241       0.633333       3.453334
       6.487270       0.707678       3.342978
       6.517299       0.792372       3.248006
       6.547328       0.871794       3.165665
       6.577357       0.944861       3.083843
       6.607386       1.018922       2.999991
       6.637415       1.096331       2.917559
       6.667444       1.175801       2.838282
       6.697473       1.255106       2.763410
       6.727503       1.326757       2.689250
       6.757532       1.393801       2.598202
       6.787561       1.482115       2.487244
       6.817590       1.605050       2.380778
       6.847619       1.751048       2.300014
       6.877648       1.900161       2.249585
       6.907677       2.039116       2.218686
       6.937706       2.170359       2.196661
       6.967735       2.297060       2.185194
       6.997764       2.412891       2.184031
       7.027793       2.515290       2.184826
       7.057822       2.607634       2.181288
       7.087851       2.695192       2.168915
       7.117880       2.786268       2.147710
       7.147909       2.884668       2.124160
       7.177938       2.986234       2.101080
       7.207967       3.090314       2.072561
       7.237996       3.205521       2.035512
       7.268025       3.341171       1.994467
       7.298054       3.504704       1.959953
       7.328083       3.695905       1.949360
       7.358112       3.900513       1.978134
       7.388141       4.096380       2.047037
       7.418170       4.269412       2.142664
       7.448199       4.418062       2.251085
       7.478228       4.544541       2.364461
       7.508257       4.649585       2.474107
       7.538286       4.742258       2.569167
       7.568315       4.837419       2.650199
       7.598344       4.941894       2.724602
       7.628373       5.060611       2.797403
       7.658402       5.197888       2.880331
       7.688431       5.345074       2.985839
       7.718460       5.488308       3.112471
       7.748489       5.625496       3.247384
       7.778519       5.773410       3.387170
       7.808548       5.942497       3.554407
       7.838577       6.115905       3.771479
       7.868606       6.269742       4.042696
       7.898635       6.382773       4.365690
       7.928664       6.424224       4.733028
       7.958693       6.356050       5.100049
       7.988722       6.197434       5.383828
       8.018751       6.037362       5.551767
       8.048780       5.951413       5.648418
       8.078809       5.966787       5.754685
       8.108838       6.040729       5.957773
       8.138867       6.066987       6.277843
       8.168896       5.971328       6.634067
       8.198925       5.790139       6.935976
       8.228954       5.589395       7.194560
       8.258983       5.345132       7.440193
       8.289012       5.036688       7.614852
       8.319041       4.737778       7.675066
       8.349070       4.516959       7.667068
       8.379099       4.383832       7.652172
       8.409128       4.321324       7.682340
       8.439157       4.278946       7.794553
       8.469186       4.189804       7.977746
       8.499215       4.017667       8.173442
       8.529244       3.785999       8.315195
       8.559273       3.570145       8.384831
       8.589302       3.427777       8.453265
       8.619331       3.303624       8.615690
       8.649360       3.075495       8.850871
       8.679389       2.713759       9.041342
       8.709418       2.287686       9.114006
       8.739447       1.873872       9.066722
       8.769476       1.529060       8.930079
       8.799506       1.292088       8.773369
       8.829535       1.119769       8.690993
       8.859564       0.893452       8.688459
       8.889593       0.549086       8.651404
       8.919622       0.172718       8.460578
       8.949651      -0.085293       8.152824
       8.979680      -0.205822       7.869120
       9.009709      -0.285378       7.668549
       9.039738      -0.396607       7.510012
       9.069767      -0.544784       7.325207
       9.099796      -0.674363       7.073636
       9.129825      -0.716825       6.788015
       9.159854      -0.671337       6.551698
       9.189883      -0.613756       6.397002
       9.219912      -0.589056       6.271002
       9.249941      -0.563458       6.137038
       9.279970      -0.513861       6.021739
       9.309999      -0.462147       5.944048
       9.340028      -0.429624       5.895463
       9.370057      -0.427218       5.857423
       9.400086      -0.446641       5.804972
       9.430115      -0.458880       5.737324
       9.460144      -0.461190       5.683948
       9.490173      -0.486612       5.649040
       9.520202      -0.551445       5.595470
       9.550231      -0.623856       5.483532
       9.580260      -0.643018       5.324113
       9.610289      -0.588746       5.180763
       9.640318      -0.505067       5.100068
       9.670347      -0.447133       5.068951
       9.700376      -0.429665       5.043896
       9.730405      -0.433251       4.993405
       9.760434      -0.423082       4.910334
       9.790463      -0.369774       4.817007
       9.820492      -0.268749       4.754959
       9.850522      -0.157482       4.758787
       9.880551      -0.087185       4.809883
       9.910580      -0.059491       4.861845
       9.940609      -0.046557       4.905214
       9.970638      -0.043370       4.949240
      10.000667      -0.045531       4.992054
      10.030696      -0.043562       5.050620
      10.060725      -0.064632       5.152113
      10.090754      -0.165320       5.274488
      10.120783      -0.353570       5.338451
      10.150812      -0.556543       5.293746
      10.180841      -0.697555       5.177463
      10.210870      -0.773217       5.061083
      10.240899      -0.830036       4.970063
      10.270928      -0.897940       4.880271
      10.300957      -0.965801       4.758233
      10.330986      -0.991208       4.600355
      10.361015      -0.946548       4.450501
      10.391044      -0.856755       4.357875
      10.421073      -0.769748       4.329538
      10.451102      -0.714545       4.346169
      10.481131      -0.707617       4.383298
      10.511160      -0.749698       4.407881
      10.541189      -0.819606       4.395432
      10.571218      -0.888847       4.339956
      10.601247      -0.929645       4.253495
      10.631276      -0.930766       4.168494
      10.661305      -0.913841       4.113123
      10.691334      -0.913919       4.082675
      10.721363      -0.940932       4.043764
      10.751392      -0.970583       3.977717
      10.781421      -0.983286       3.894289
      10.811450      -0.975539       3.804996
      10.841479      -0.945960       3.715063
      10.871509      -0.885717       3.632820
      10.901538      -0.794403       3.586506
      10.931567      -0.705623       3.598948
      10.961596      -0.662190       3.655332
      10.991625      -0.681561       3.713879
      11.021654      -0.747653       3.734872
      11.051683      -0.824767       3.700622
      11.081712      -0.876794       3.621411
      11.111741      -0.887988       3.525613
      11.141770      -0.863085       3.437590
      11.171799      -0.815993       3.371278
      11.201828      -0.762060       3.329303
      11.231857      -0.712281       3.307335
      11.261886      -0.672350       3.297525
      11.291915      -0.641561       3.292794
      11.321944      -0.617142       3.291037
      11.351973      -0.599320       3.291127
      11.382002      -0.584619       3.290048
      11.412031      -0.568766       3.295012
      11.442060      -0.564365       3.313586
      11.472089      -0.587257       3.331116
      11.502118      -0.629423       3.322249
      11.532147      -0.661763       3.280880
      11.562176      -0.665076       3.231499
      11.592205      -0.654657       3.197713
      11.622234      -0.650408       3.172126
      11.652263      -0.649051       3.140622
      11.682292      -0.640622       3.104077
      11.712321      -0.622853       3.068805
      11.742350      -0.596894       3.039991
      11.772379      -0.568006       3.022507
      11.802408      -0.545485       3.014024
      11.832437      -0.531055       3.003765
      11.862466      -0.515433       2.985385
      11.892495      -0.486649       2.962294
      11.922525      -0.435351       2.949888
      11.952554      -0.370419       2.975254
      11.982583      -0.331366       3.050220
      12.012612      -0.356466       3.140654
      12.042641      -0.436756       3.194703
      12.072670      -0.532704       3.190375
      12.102699      -0.605654       3.134946
      12.132728      -0.631707       3.060330
      12.162757      -0.621750       3.002428
      12.192786      -0.603752       2.967925
      12.222815      -0.588319       2.942504
      12.252844      -0.566458       2.920530
      12.282873      -0.533946       2.915235
      12.312902      -0.506923       2.939417
      12.342931      -0.510265       2.985833
      12.372960      -0.555516       3.027353
      12.402989      -0.629161       3.037263
      12.433018      -0.705226       3.009167
      12.463047      -0.768065       2.953804
      12.493076      -0.813640       2.878398
      12.523105      -0.833048       2.787306
      12.553134      -0.817762       2.697018
      12.583163      -0.777259       2.628126
      12.613192      -0.732696       2.584273
      12.643221      -0.695198       2.552301
      12.673250      -0.658434       2.521769
      12.703279      -0.614814       2.496857
      12.733308      -0.566251       2.483969
      12.763337      -0.516409       2.486930
      12.793366      -0.473315       2.509690
      12.823395      -0.449311       2.548637
      12.853424      -0.452005       2.590399
      12.883453      -0.476192       2.620196
      12.913482      -0.511680       2.633527
      12.943512      -0.551621       2.629222
      12.973541      -0.588442       2.608832
      13.003570      -0.619208       2.576423
      13.033599      -0.640856       2.531696
      13.063628      -0.645012       2.479312
      13.093657      -0.630924       2.431689
      13.123686      -0.606739       2.394814
      13.153715      -0.576260       2.367867
      13.183744      -0.539898       2.356023
      13.213773      -0.510644       2.367400
      13.243802      -0.509689       2.390102
      13.273831      -0.535812       2.394995
      13.303860      -0.563647       2.369667
      13.333889      -0.572854       2.325436
      13.363918      -0.558624       2.280232
      13.393947      -0.528324       2.248079
      13.423976      -0.494917       2.233604
      13.454005      -0.470032       2.231317
      13.484034      -0.455682       2.229622
      13.514063      -0.444464       2.222651
      13.544092      -0.430158       2.213583
      13.574121      -0.413648       2.207941
      13.604150      -0.401495       2.205485
      13.634179      -0.394049       2.195469
      13.664208      -0.374599       2.174716
      13.694237      -0.333788       2.163182
      13.724266      -0.287697       2.177029
      13.754295      -0.253755       2.210098
      13.784324      -0.234294       2.252670
      13.814353      -0.231052       2.302700
      13.844382      -0.250105       2.353893
      13.874411      -0.292787       2.393380
      13.904440      -0.348805       2.406441
      13.934469      -0.396083       2.392481
      13.964498      -0.423066       2.369843
      13.994528      -0.438504       2.354320
      14.024557      -0.455859       2.344512
      14.054586      -0.476018       2.331399
      14.084615      -0.492994       2.313996
      14.114644      -0.504696       2.297411
      14.144673      -0.516497       2.286318
      14.174702      -0.536383       2.275422
      14.204731      -0.560837       2.253272
      14.234760      -0.575717       2.219431
      14.264789      -0.575860       2.188321
      14.294818      -0.572602       2.168165
      14.324847      -0.574066       2.152795
      14.354876      -0.578894       2.136890
      14.384905      -0.585521       2.118954
      14.414934      -0.591778       2.097354
      14.444963      -0.594366       2.073236
      14.474992      -0.592374       2.049096
      14.505021      -0.584555       2.027529
      14.535050      -0.572548       2.015434
      14.565079      -0.567823       2.015945
      14.595108      -0.580170       2.017771
      14.625137      -0.604346       2.007015
      14.655166      -0.628675       1.980428
      14.685195      -0.644551       1.941605
      14.715224      -0.646762       1.898454
      14.745253      -0.638557       1.860232
      14.775282      -0.627687       1.827801
      14.805311      -0.616458       1.796504
      14.835340      -0.601364       1.763223
      14.865369      -0.576105       1.731221
      14.895398      -0.540823       1.711684
      14.925427      -0.508523       1.711827
      14.955456      -0.494274       1.724038
      14.985485      -0.501855       1.730859
      15.015515      -0.519559       1.717865
      15.045544      -0.530216       1.686078
      15.075573      -0.526337       1.646052
      15.105602      -0.507972       1.605986
      15.135631      -0.477058       1.572191
      15.165660      -0.437962       1.549309
      15.195689      -0.395743       1.540120
      15.225718      -0.358500       1.545894
      15.255747      -0.335133       1.559280
      15.285776      -0.323542       1.568349
      15.315805      -0.314526       1.569808
      15.345834      -0.301870       1.567417
      15.375863      -0.284034       1.567744
      15.405892      -0.265498       1.577026
      15.435921      -0.256254       1.595697
      15.465950      -0.263450       1.613253
      15.495979      -0.281075       1.617692
      15.526008      -0.297992       1.607921
      15.556037      -0.308555       1.588937
      15.586066      -0.312007       1.565898
      15.616095      -0.310990       1.539668
      15.646124      -0.302304       1.506970
      15.676153      -0.277828       1.472372
      15.706182      -0.236480       1.447617
      15.736211      -0.186041       1.442771
      15.766240      -0.140048       1.461276
      15.796269      -0.112700       1.496841
      15.826298      -0.111665       1.533258
      15.856327      -0.128910       1.551854
      15.886356      -0.144635       1.548454
      15.916385      -0.146137       1.534815
      15.946414      -0.134248       1.525228
      15.976443      -0.119662       1.526843
      16.006472      -0.113166       1.534098
      16.036502      -0.113521       1.535330
      16.066531      -0.109895       1.528083
      16.096560      -0.095517       1.519987
      16.126589      -0.071645       1.522448
      16.156618      -0.052105       1.542576
      16.186647      -0.050880       1.568709
      16.216676      -0.062245       1.585145
      16.246705      -0.074448       1.591994
      16.276734      -0.086324       1.595159
      16.306763      -0.101368       1.592716
      16.336792      -0.114473       1.577631
      16.366821      -0.112029       1.553446
      16.396850      -0.089964       1.537044
      16.426879      -0.060423       1.542359
      16.456908      -0.043032       1.569150
      16.486937      -0.050070       1.600409
      16.516966      -0.073675       1.618564
      16.546995      -0.101153       1.622914
      16.577024      -0.130832       1.615883
      16.607053      -0.158303       1.592028
      16.637082      -0.169946       1.553680
      16.667111      -0.159518       1.515589
      16.697140      -0.134197       1.491437
      16.727169      -0.108472       1.484796
      16.757198      -0.093200       1.486052
      16.787227      -0.084792       1.482508
      16.817256      -0.071760       1.473216
      16.847285      -0.049568       1.467558
      16.877314      -0.023934       1.473332
      16.907343      -0.003996       1.490953
      16.937372       0.003476       1.514234
      16.967401      -0.002518       1.534260
      16.997430      -0.017458       1.542263
      17.027459      -0.029147       1.534101
      17.057488      -0.025669       1.518634
      17.087518      -0.007876       1.510358
      17.117547       0.013183       1.516047
      17.147576       0.027518       1.531257
      17.177605       0.034083       1.547359
      17.207634       0.038538       1.560960
      17.237663       0.045109       1.575780
      17.267692       0.051360       1.598033
      17.297721       0.048100       1.628035
      17.327750       0.030343       1.655868
      17.357779       0.004228       1.672528
      17.387808      -0.020966       1.677564
      17.417837      -0.039311       1.676428
      17.447866      -0.050650       1.677009
      17.477895      -0.061768       1.684424
      17.507924      -0.080756       1.694426
      17.537953      -0.105916       1.698515
      17.567982      -0.130553       1.697565
      17.598011      -0.157770       1.696317
      17.628040      -0.193208       1.687830
      17.658069      -0.228799       1.662103
      17.688098      -0.250181       1.622695
      17.718127      -0.253352       1.583863
      17.748156      -0.247580       1.554412
      17.778185      -0.240860       1.530502
      17.808214      -0.231089       1.507899
      17.838243      -0.216350       1.490229
      17.868272      -0.202031       1.479514
      17.898301      -0.190295       1.469359
      17.928330      -0.172851       1.458688
      17.958359      -0.148693       1.459141
      17.988388      -0.131573       1.475324
      18.018417      -0.132174       1.496027
      18.048446      -0.146411       1.506592
      18.078475      -0.161350       1.503590
      18.108505      -0.170064       1.493161
      18.138534      -0.170998       1.480962
      18.168563      -0.166306       1.472963
      18.198592      -0.162039       1.469918
      18.228621      -0.160031       1.467881
      18.258650      -0.157873       1.465499
      18.288679      -0.155326       1.465323
      18.318708      -0.155981       1.466628
      18.348737      -0.158561       1.465246
      18.378766      -0.159312       1.462950
      18.408795      -0.161137       1.462651
      18.438824      -0.166542       1.459334
      18.468853      -0.168014       1.450176
      18.498882      -0.162031       1.444303
      18.528911      -0.157879       1.445911
      18.558940      -0.160319       1.446153
      18.588969      -0.160542       1.439326
      18.618998      -0.150797       1.433977
      18.649027      -0.137081       1.440555
      18.679056      -0.130720       1.459010
      18.709085      -0.138748       1.481503
      18.739114      -0.160565       1.497576
      18.769143      -0.188803       1.501165
      18.799172      -0.215820       1.492576
      18.829201      -0.236483       1.475527
      18.859230      -0.248988       1.456129
      18.889259      -0.258073       1.439632
      18.919288      -0.270650       1.421758
      18.949317      -0.282336       1.393417
      18.979346      -0.281595       1.356331
      19.009375      -0.263724       1.321334
      19.039404      -0.233504       1.299355
      19.069433      -0.202798       1.294425
      19.099462      -0.181857       1.299771
      19.129491      -0.170974       1.304503
      19.159521      -0.162766       1.303763
      19.189550      -0.151639       1.300531
      19.219579      -0.137395       1.298538
      19.249608      -0.120716       1.299396
      19.279637      -0.102872       1.305637
      19.309666      -0.088633       1.317890
      19.339695      -0.081299       1.330863
      19.369724      -0.076374       1.339056
      19.399753      -0.067262       1.345736
      19.429782      -0.055797       1.357770
      19.459811      -0.048563       1.375342
      19.489840      -0.048184       1.393085
      19.519869      -0.051715       1.406691
      19.549898      -0.055081       1.416338
      19.579927      -0.056955       1.424213
      19.609956      -0.057831       1.431316
      19.639985      -0.058219       1.436843
      19.670014      -0.055425       1.438267
      19.700043      -0.041805       1.438646
      19.730072      -0.016419       1.450784
      19.760101       0.007233       1.482570
      19.790130       0.016638       1.525710
      19.820159       0.012791       1.569230
      19.850188       0.000678       1.610213
      19.880217      -0.017952       1.648221
      19.910246      -0.040207       1.681651
      19.940275      -0.061811       1.714598
      19.970304      -0.088322       1.754116
      20.000333      -0.131514       1.795122
      20.030362      -0.191802       1.820964
      20.060391      -0.252568       1.822346
      20.090420      -0.298832       1.808444
      20.120449      -0.329343       1.791465
      20.150478      -0.346731       1.778105
      20.180508      -0.354664       1.774656
      20.210537      -0.361491       1.784495
      20.240566      -0.374238       1.803125
      20.270595      -0.391926       1.825268
      20.300624      -0.411037       1.852338
      20.330653      -0.433393       1.891278
      20.360682      -0.471330       1.946184
      20.390711      -0.539726       2.006433
      20.420740      -0.639583       2.051995
      20.450769      -0.759074       2.069747
      20.480798      -0.884139       2.056050
      20.510827      -1.002620       2.015339
      20.540856      -1.111516       1.955726
      20.570885      -1.211263       1.876878
      20.600914      -1.294160       1.778649
      20.630943      -1.353999       1.667763
      20.660972      -1.387215       1.552302
      20.691001      -1.394530       1.443885
      20.721030      -1.384488       1.351262
      20.751059      -1.367896       1.275952
      20.781088      -1.352898       1.212800
      20.811117      -1.340250       1.154556
      20.841146      -1.326634       1.099206
      20.871175      -1.311354       1.048287
      20.901204      -1.296456       1.002557
      20.931233      -1.284563       0.959856
      20.961262      -1.274718       0.916325
      20.991291      -1.263990       0.871758
      21.021320      -1.252456       0.826891
      21.051349      -1.239284       0.779864
      21.081378      -1.220524       0.731213
      21.111407      -1.194813       0.685730
      21.141436      -1.165762       0.646648
      21.171465      -1.136867       0.612686
      21.201494      -1.108509       0.581613
      21.231524      -1.079787       0.552875
      21.261553      -1.050624       0.526806
      21.291582      -1.020886       0.503350
      21.321611      -0.990465       0.483588
      21.351640      -0.961046       0.468290
      21.381669      -0.934165       0.456563
      21.411698      -0.910577       0.447305
      21.441727      -0.890976       0.438978
      21.471756      -0.874683       0.429201
      21.501785      -0.859153       0.417139
      21.531814      -0.842801       0.404081
      21.561843      -0.825348       0.391120
      21.591872      -0.806493       0.379581
      21.621901      -0.787806       0.371527
      21.651930      -0.772801       0.366087
      21.681959      -0.762071       0.359480
      21.711988      -0.753236       0.349819
      21.742017      -0.744411       0.337106
      21.772046      -0.733823       0.321758
      21.802075      -0.720096       0.305670
      21.832104      -0.703984       0.290921
      21.862133      -0.686879       0.277948
      21.892162      -0.669656       0.266475
      21.922191      -0.652594       0.255743
      21.952220      -0.634976       0.245494
      21.982249      -0.616425       0.236649
      22.012278      -0.597865       0.230187
      22.042307      -0.580928       0.225827
      22.072336      -0.566367       0.221859
      22.102365      -0.553100       0.216817
      22.132394      -0.539671       0.210875
      22.162423      -0.525554       0.204961
      22.192452      -0.511095       0.199946
      22.222481      -0.497287       0.195826
      22.252511      -0.484221       0.191501
      22.282540      -0.470580       0.186840
      22.312569      -0.455950       0.183370
      22.342598      -0.441717       0.182142
      22.372627      -0.429459       0.182594
      22.402656      -0.419975       0.183452
      22.432685      -0.413321       0.182895
      22.462714      -0.407900       0.179195
      22.492743      -0.401083       0.172566
      22.522772      -0.391611       0.165182
      22.552801      -0.380383       0.158845
      22.582830      -0.368720       0.153604
      22.612859      -0.356701       0.148900
      22.642888      -0.344039       0.145107
      22.672917      -0.331216       0.142776
      22.702946      -0.319005       0.141915
      22.732975      -0.307937       0.142026
      22.763004      -0.298057       0.142717
      22.793033      -0.289821       0.143768
      22.823062      -0.283510       0.143867
      22.853091      -0.277718       0.141882
      22.883120      -0.270748       0.138403
      22.913149      -0.262026       0.134949
      22.943178      -0.252133       0.132780
      22.973207      -0.241990       0.132495
      23.003236      -0.232708       0.134435
      23.033265      -0.225906       0.138313
      23.063294      -0.223116       0.142489
      23.093323      -0.224493       0.144018
      23.123352      -0.227359       0.140063
      23.153381      -0.227203       0.131487
      23.183410      -0.222945       0.122341
      23.213439      -0.216775       0.114428
      23.243468      -0.209859       0.107164
      23.273497      -0.202078       0.100399
      23.303527      -0.193750       0.094599
      23.333556      -0.185787       0.089606
      23.363585      -0.178385       0.084304
      23.393614      -0.170475       0.078186
      23.423643      -0.161295       0.072019
      23.453672      -0.151055       0.066641
      23.483701      -0.140315       0.062394
      23.513730      -0.129595       0.059242
      23.543759      -0.119206       0.056909
      23.573788      -0.109174       0.055152
      23.603817      -0.099523       0.053923
      23.633846      -0.090385       0.053095
      23.663875      -0.081741       0.052462
      23.693904      -0.073519       0.051987
      23.723933      -0.065810       0.051610
      23.753962      -0.058634       0.051079
      23.783991      -0.051771       0.050165
      23.814020      -0.044879       0.048860
      23.844049      -0.037723       0.047423
      23.874078      -0.030385       0.046156
      23.904107      -0.023094       0.045107
      23.934136      -0.015927       0.044144
      23.964165      -0.008814       0.043223
      23.994194      -0.001759       0.042376
      24.024223       0.005240       0.041544
      24.054252       0.012299       0.040728
      24.084281       0.019496       0.040068
      24.114310       0.026756       0.039748
      24.144339       0.033879       0.039850
      24.174368       0.040650       0.040308
      24.204397       0.046951       0.040932
      24.234426       0.052823       0.041536
      24.264455       0.058339       0.042086
      24.294484       0.063422       0.042519
      24.324514       0.068086       0.042561
      24.354543       0.072659       0.042006
      24.384572       0.077521       0.040998
      24.414601       0.082795       0.039879
      24.444630       0.088322       0.038887
      24.474659       0.093950       0.037992
      24.504688       0.099744       0.037158
      24.534717       0.105756       0.036568
      24.564746       0.111770       0.036394
      24.594775       0.117535       0.036523
      24.624804       0.123044       0.036754
      24.654833       0.128386       0.037055
      24.684862       0.133558       0.037473
      24.714891       0.138475       0.038032
      24.744920       0.142988       0.038677
      24.774949       0.146954       0.039171
      24.804978       0.150493       0.039098
      24.835007       0.154124       0.038288
      24.865036       0.158244       0.037064
      24.895065       0.162884       0.035775
      24.925094       0.167993       0.034659
      24.955123       0.173419       0.033957
      24.985152       0.178885       0.033773
      25.015181       0.184127       0.034048
      25.045210       0.188956       0.034604
      25.075239       0.193327       0.035190
      25.105268       0.197346       0.035621
      25.135297       0.201138       0.035830
      25.165326       0.204813       0.035774
      25.195355       0.208520       0.035464
      25.225384       0.212354       0.035030
      25.255413       0.216274       0.034586
      25.285442       0.220208       0.034160
      25.315471       0.224096       0.033709
      25.345501       0.227972       0.033144
      25.375530       0.231962       0.032465
      25.405559       0.236128       0.031796
      25.435588       0.240422       0.031243
      25.465617       0.244769       0.030850
      25.495646       0.249090       0.030639
      25.525675       0.253281       0.030581
      25.555704       0.257282       0.030556
      25.585733       0.261171       0.030445
      25.615762       0.265082       0.030264
      25.645791       0.269048       0.030129
      25.675820       0.272999       0.030116
      25.705849       0.276840       0.030221
      25.735878       0.280522       0.030370
      25.765907       0.284071       0.030521
      25.795936       0.287474       0.030703
      25.825965       0.290614       0.030873
      25.855994       0.293450       0.030814
      25.886023       0.296198       0.030324
      25.916052       0.299161       0.029470
      25.946081       0.302477       0.028505
      25.976110       0.306052       0.027689
      26.006139       0.309632       0.027084
      26.036168       0.313073       0.026511
      26.066197       0.316470       0.025802
      26.096226       0.319992       0.024976
      26.126255       0.323685       0.024172
      26.156284       0.327482       0.023466
      26.186313       0.331343       0.022865
      26.216342       0.335245       0.022400
      26.246371       0.339116       0.022115
      26.276400       0.342826       0.021975
      26.306429       0.346312       0.021810
      26.336458       0.349711       0.021472
      26.366487       0.353193       0.021019
      26.396517       0.356769       0.020577
      26.426546       0.360392       0.020190
      26.456575       0.364026       0.019868
      26.486604       0.367640       0.019605
      26.516633       0.371217       0.019382
      26.546662       0.374764       0.019185
      26.576691       0.378268       0.019019
      26.606720       0.381709       0.018844
      26.636749       0.385150       0.018612
      26.666778       0.388672       0.018389
      26.696807       0.392234       0.018291
      26.726836       0.395709       0.018333
      26.756865       0.399022       0.018425
      26.786894       0.402176       0.018477
      26.816923       0.405213       0.018409
      26.846952       0.408233       0.018171
      26.876981       0.411355       0.017815
      26.907010       0.414594       0.017458
      26.937039       0.417879       0.017152
      26.967068       0.421178       0.016863
      26.997097       0.424517       0.016580
      27.027126       0.427917       0.016347
      27.057155       0.431345       0.016212
      27.087184       0.434741       0.016181
      27.117213       0.438066       0.016224
      27.147242       0.441308       0.016315
      27.177271       0.444448       0.016433
      27.207300       0.447474       0.016529
      27.237329       0.450406       0.016565
      27.267358       0.453258       0.016500
      27.297387       0.456091       0.016267
      27.327416       0.459050       0.015877
      27.357445       0.462214       0.015476
      27.387474       0.465517       0.015208
      27.417504       0.468827       0.015104
      27.447533       0.472051       0.015107
      27.477562       0.475174       0.015119
      27.507591       0.478266       0.015084
      27.537620       0.481389       0.015049
      27.567649       0.484509       0.015070
      27.597678       0.487582       0.015121
      27.627707       0.490625       0.015178
      27.657736       0.493641       0.015258
      27.687765       0.496595       0.015351
      27.717794       0.499497       0.015406
      27.747823       0.502393       0.015421
      27.777852       0.505291       0.015420
      27.807881       0.508195       0.015399
      27.837910       0.511125       0.015377
      27.867939       0.514061       0.015380
      27.897968       0.516996       0.015386
      27.927997       0.519969       0.015407
      27.958026       0.522977       0.015521
      27.988055       0.525927       0.015775
      28.018084       0.528703       0.016127
      28.048113       0.531236       0.016443
      28.078142       0.533579       0.016555
      28.108171       0.535906       0.016366
      28.138200       0.538420       0.015947
      28.168229       0.541198       0.015489
      28.198258       0.544160       0.015149
      28.228287       0.547173       0.014968
      28.258316       0.550144       0.014895
      28.288345       0.553059       0.014861
      28.318374       0.555935       0.014836
      28.348403       0.558784       0.014803
      28.378432       0.561632       0.014744
      28.408461       0.564525       0.014682
      28.438490       0.567452       0.014684
      28.468520       0.570333       0.014763
      28.498549       0.573123       0.014839
      28.528578       0.575892       0.014843
      28.558607       0.578722       0.014821
      28.588636       0.581595       0.014863
      28.618665       0.584421       0.014978
      28.648694       0.587174       0.015091
      28.678723       0.589896       0.015181
      28.708752       0.592586       0.015262
      28.738781       0.595228       0.015295
      28.768810       0.597882       0.015241
      28.798839       0.600614       0.015145
      28.828868       0.603423       0.015076
      28.858897       0.606270       0.015069
      28.888926       0.609114       0.015144
      28.918955       0.611887       0.015287
      28.948984       0.614555       0.015411
      28.979013       0.617181       0.015447
      29.009042       0.619846       0.015407
      29.039071       0.622591       0.015350
      29.069100       0.625402       0.015349
      29.099129       0.628205       0.015444
      29.129158       0.630930       0.015594
      29.159187       0.633571       0.015736
      29.189216       0.636135       0.015836
      29.219245       0.638653       0.015844
      29.249274       0.641185       0.015747
      29.279303       0.643788       0.015569
      29.309332       0.646499       0.015369
      29.339361       0.649293       0.015223
      29.369390       0.652095       0.015152
      29.399419       0.654860       0.015111
      29.429448       0.657602       0.015061
      29.459477       0.660337       0.015000
      29.489507       0.663057       0.014930
      29.519536       0.665752       0.014829
      29.549565       0.668439       0.014654
      29.579594       0.671183       0.014388
      29.609623       0.674042       0.014081
      29.639652       0.677015       0.013795
      29.669681       0.680080       0.013574
      29.699710       0.683196       0.013447
      29.729739       0.686312       0.013414
      29.759768       0.689390       0.013444
      29.789797       0.692423       0.013497
      29.819826       0.695432       0.013543
      29.849855       0.698437       0.013578
      29.879884       0.701462       0.013607
      29.909913       0.704513       0.013660
      29.939942       0.707559       0.013749
      29.969971       0.710581       0.013848
      30.000000       0.713600       0.013932
