  # energy grid [eV]     epsr     epsi
       0.001000       0.000119      -0.000001
       0.031029       0.000119      -0.000001
       0.061058       0.000119      -0.000001
       0.091087       0.000119      -0.000001
       0.121116       0.000119      -0.000001
       0.151145       0.000119      -0.000001
       0.181174       0.000119      -0.000001
       0.211203       0.000119      -0.000000
       0.241232       0.000119      -0.000000
       0.271261       0.000120      -0.000000
       0.301290       0.000120      -0.000000
       0.331319       0.000120      -0.000000
       0.361348       0.000120      -0.000000
       0.391377       0.000121       0.000000
       0.421406       0.000121       0.000000
       0.451435       0.000121       0.000000
       0.481464       0.000122       0.000000
       0.511493       0.000122       0.000000
       0.541523       0.000123       0.000000
       0.571552       0.000123       0.000001
       0.601581       0.000124       0.000001
       0.631610       0.000124       0.000001
       0.661639       0.000125       0.000001
       0.691668       0.000125       0.000001
       0.721697       0.000126       0.000001
       0.751726       0.000126       0.000001
       0.781755       0.000127       0.000001
       0.811784       0.000128       0.000001
       0.841813       0.000129       0.000001
       0.871842       0.000129       0.000002
       0.901871       0.000130       0.000002
       0.931900       0.000131       0.000002
       0.961929       0.000132       0.000002
       0.991958       0.000133       0.000002
       1.021987       0.000134       0.000002
       1.052016       0.000135       0.000002
       1.082045       0.000136       0.000002
       1.112074       0.000137       0.000003
       1.142103       0.000138       0.000003
       1.172132       0.000139       0.000003
       1.202161       0.000140       0.000003
       1.232190       0.000141       0.000003
       1.262219       0.000142       0.000003
       1.292248       0.000144       0.000003
       1.322277       0.000145       0.000004
       1.352306       0.000146       0.000004
       1.382335       0.000148       0.000004
       1.412364       0.000149       0.000004
       1.442393       0.000151       0.000004
       1.472422       0.000153       0.000004
       1.502451       0.000154       0.000005
       1.532480       0.000156       0.000005
       1.562510       0.000158       0.000005
       1.592539       0.000160       0.000005
       1.622568       0.000162       0.000006
       1.652597       0.000163       0.000006
       1.682626       0.000166       0.000006
       1.712655       0.000168       0.000006
       1.742684       0.000170       0.000007
       1.772713       0.000172       0.000007
       1.802742       0.000175       0.000007
       1.832771       0.000177       0.000007
       1.862800       0.000180       0.000008
       1.892829       0.000182       0.000008
       1.922858       0.000185       0.000008
       1.952887       0.000188       0.000009
       1.982916       0.000191       0.000009
       2.012945       0.000194       0.000010
       2.042974       0.000197       0.000010
       2.073003       0.000201       0.000010
       2.103032       0.000204       0.000011
       2.133061       0.000208       0.000011
       2.163090       0.000211       0.000012
       2.193119       0.000215       0.000012
       2.223148       0.000219       0.000013
       2.253177       0.000224       0.000014
       2.283206       0.000228       0.000014
       2.313235       0.000233       0.000015
       2.343264       0.000238       0.000016
       2.373293       0.000243       0.000016
       2.403322       0.000248       0.000017
       2.433351       0.000253       0.000018
       2.463380       0.000259       0.000019
       2.493409       0.000265       0.000020
       2.523438       0.000272       0.000021
       2.553467       0.000278       0.000022
       2.583496       0.000285       0.000023
       2.613526       0.000293       0.000024
       2.643555       0.000300       0.000026
       2.673584       0.000308       0.000027
       2.703613       0.000317       0.000029
       2.733642       0.000326       0.000030
       2.763671       0.000335       0.000032
       2.793700       0.000345       0.000034
       2.823729       0.000356       0.000036
       2.853758       0.000367       0.000038
       2.883787       0.000379       0.000041
       2.913816       0.000392       0.000044
       2.943845       0.000406       0.000047
       2.973874       0.000420       0.000050
       3.003903       0.000436       0.000054
       3.033932       0.000452       0.000058
       3.063961       0.000470       0.000062
       3.093990       0.000489       0.000067
       3.124019       0.000510       0.000073
       3.154048       0.000532       0.000079
       3.184077       0.000556       0.000086
       3.214106       0.000582       0.000095
       3.244135       0.000611       0.000104
       3.274164       0.000642       0.000115
       3.304193       0.000676       0.000128
       3.334222       0.000714       0.000144
       3.364251       0.000755       0.000162
       3.394280       0.000801       0.000185
       3.424309       0.000853       0.000214
       3.454338       0.000910       0.000250
       3.484367       0.000973       0.000299
       3.514396       0.001037       0.000369
       3.544425       0.001087       0.000460
       3.574454       0.001108       0.000562
       3.604483       0.001096       0.000644
       3.634513       0.001085       0.000675
       3.664542       0.001124       0.000674
       3.694571       0.001232       0.000673
       3.724600       0.001446       0.000724
       3.754629       0.001731       0.000951
       3.784658       0.001918       0.001411
       3.814687       0.001826       0.001989
       3.844716       0.001422       0.002443
       3.874745       0.000892       0.002541
       3.904774       0.000647       0.002334
       3.934803       0.000781       0.002330
       3.964832       0.000792       0.002763
       3.994861       0.000294       0.003216
       4.024890      -0.000426       0.003168
       4.054919      -0.000797       0.002738
       4.084948      -0.000756       0.002428
       4.114977      -0.000635       0.002450
       4.145006      -0.000703       0.002675
       4.175035      -0.001009       0.002901
       4.205064      -0.001485       0.002963
       4.235093      -0.001943       0.002842
       4.265122      -0.002400       0.002697
       4.295151      -0.003031       0.002382
       4.325180      -0.003604       0.001569
       4.355209      -0.003565       0.000446
       4.385238      -0.002954      -0.000350
       4.415267      -0.002186      -0.000726
       4.445296      -0.001358      -0.000667
       4.475325      -0.000874      -0.000116
       4.505354      -0.000996       0.000381
       4.535383      -0.001305       0.000415
       4.565412      -0.001351       0.000139
       4.595441      -0.001034      -0.000074
       4.625470      -0.000510       0.000027
       4.655499      -0.000031       0.000620
       4.685529      -0.000095       0.001646
       4.715558      -0.000977       0.002486
       4.745587      -0.002256       0.002586
       4.775616      -0.003370       0.001947
       4.805645      -0.003965       0.000814
       4.835674      -0.003836      -0.000419
       4.865703      -0.003084      -0.001281
       4.895732      -0.002106      -0.001467
       4.925761      -0.001406      -0.001059
       4.955790      -0.001219      -0.000431
       4.985819      -0.001489       0.000094
       5.015848      -0.002089       0.000312
       5.045877      -0.002753       0.000040
       5.075906      -0.003152      -0.000593
       5.105935      -0.003205      -0.001385
       5.135964      -0.002806      -0.002143
       5.165993      -0.002108      -0.002482
       5.196022      -0.001580      -0.002443
       5.226051      -0.001252      -0.002401
       5.256080      -0.000870      -0.002351
       5.286109      -0.000525      -0.002068
       5.316138      -0.000513      -0.001684
       5.346167      -0.000758      -0.001566
       5.376196      -0.000913      -0.001758
       5.406225      -0.000821      -0.002029
       5.436254      -0.000573      -0.002185
       5.466283      -0.000325      -0.002214
       5.496312      -0.000139      -0.002222
       5.526341       0.000094      -0.002292
       5.556370       0.000479      -0.002277
       5.586399       0.000875      -0.002027
       5.616428       0.001088      -0.001591
       5.646457       0.001028      -0.001147
       5.676486       0.000762      -0.000871
       5.706516       0.000451      -0.000866
       5.736545       0.000320      -0.001055
       5.766574       0.000367      -0.001223
       5.796603       0.000493      -0.001357
       5.826632       0.000748      -0.001434
       5.856661       0.001061      -0.001305
       5.886690       0.001200      -0.001013
       5.916719       0.001155      -0.000817
       5.946748       0.001169      -0.000750
       5.976777       0.001254      -0.000610
       6.006806       0.001262      -0.000420
       6.036835       0.001230      -0.000271
       6.066864       0.001208      -0.000135
       6.096893       0.001193       0.000023
       6.126922       0.001148       0.000250
       6.156951       0.000944       0.000521
       6.186980       0.000556       0.000627
       6.217009       0.000211       0.000458
       6.247038       0.000090       0.000174
       6.277067       0.000143      -0.000042
       6.307096       0.000260      -0.000166
       6.337125       0.000430      -0.000210
       6.367154       0.000604      -0.000105
       6.397183       0.000635       0.000108
       6.427212       0.000503       0.000247
       6.457241       0.000386       0.000242
       6.487270       0.000364       0.000238
       6.517299       0.000325       0.000306
       6.547328       0.000198       0.000363
       6.577357       0.000040       0.000317
       6.607386      -0.000043       0.000202
       6.637415      -0.000073       0.000109
       6.667444      -0.000107       0.000008
       6.697473      -0.000092      -0.000135
       6.727503       0.000010      -0.000261
       6.757532       0.000167      -0.000307
       6.787561       0.000305      -0.000254
       6.817590       0.000363      -0.000172
       6.847619       0.000397      -0.000120
       6.877648       0.000441      -0.000058
       6.907677       0.000462       0.000036
       6.937706       0.000422       0.000133
       6.967735       0.000338       0.000168
       6.997764       0.000293       0.000132
       7.027793       0.000333       0.000111
       7.057822       0.000369       0.000185
       7.087851       0.000303       0.000266
       7.117880       0.000211       0.000253
       7.147909       0.000191       0.000195
       7.177938       0.000218       0.000184
       7.207967       0.000210       0.000211
       7.237996       0.000167       0.000198
       7.268025       0.000164       0.000134
       7.298054       0.000226       0.000089
       7.328083       0.000316       0.000090
       7.358112       0.000408       0.000144
       7.388141       0.000479       0.000245
       7.418170       0.000517       0.000387
       7.448199       0.000495       0.000566
       7.478228       0.000386       0.000748
       7.508257       0.000190       0.000895
       7.538286      -0.000110       0.000962
       7.568315      -0.000472       0.000828
       7.598344      -0.000688       0.000447
       7.628373      -0.000590       0.000040
       7.658402      -0.000321      -0.000171
       7.688431      -0.000058      -0.000209
       7.718460       0.000146      -0.000150
       7.748489       0.000276      -0.000051
       7.778519       0.000359       0.000024
       7.808548       0.000474       0.000082
       7.838577       0.000634       0.000196
       7.868606       0.000792       0.000428
       7.898635       0.000821       0.000778
       7.928664       0.000661       0.001098
       7.958693       0.000415       0.001275
       7.988722       0.000215       0.001332
       8.018751       0.000116       0.001377
       8.048780       0.000078       0.001542
       8.078809      -0.000098       0.001887
       8.108838      -0.000609       0.002218
       8.138867      -0.001375       0.002207
       8.168896      -0.002021       0.001727
       8.198925      -0.002229       0.001107
       8.228954      -0.002263       0.000731
       8.258983      -0.002456       0.000340
       8.289012      -0.002501      -0.000351
       8.319041      -0.002091      -0.001024
       8.349070      -0.001423      -0.001352
       8.379099      -0.000745      -0.001315
       8.409128      -0.000208      -0.000966
       8.439157       0.000021      -0.000374
       8.469186      -0.000244       0.000203
       8.499215      -0.000848       0.000313
       8.529244      -0.001233      -0.000150
       8.559273      -0.000958      -0.000726
       8.589302      -0.000259      -0.000667
       8.619331      -0.000040       0.000032
       8.649360      -0.000501       0.000540
       8.679389      -0.001076       0.000567
       8.709418      -0.001522       0.000375
       8.739447      -0.001976       0.000033
       8.769476      -0.002260      -0.000717
       8.799506      -0.001907      -0.001510
       8.829535      -0.001296      -0.001788
       8.859564      -0.000904      -0.001807
       8.889593      -0.000566      -0.001897
       8.919622      -0.000048      -0.001861
       8.949651       0.000398      -0.001455
       8.979680       0.000442      -0.000868
       9.009709       0.000086      -0.000462
       9.039738      -0.000461      -0.000454
       9.069767      -0.000860      -0.000965
       9.099796      -0.000609      -0.001707
       9.129825       0.000206      -0.001906
       9.159854       0.000746      -0.001388
       9.189883       0.000624      -0.000869
       9.219912       0.000333      -0.000817
       9.249941       0.000272      -0.000972
       9.279970       0.000361      -0.001109
       9.309999       0.000572      -0.001215
       9.340028       0.000893      -0.001181
       9.370057       0.001179      -0.000958
       9.400086       0.001324      -0.000645
       9.430115       0.001370      -0.000347
       9.460144       0.001364      -0.000043
       9.490173       0.001281       0.000285
       9.520202       0.001053       0.000598
       9.550231       0.000718       0.000764
       9.580260       0.000415       0.000786
       9.610289       0.000164       0.000762
       9.640318      -0.000095       0.000704
       9.670347      -0.000369       0.000532
       9.700376      -0.000518       0.000201
       9.730405      -0.000419      -0.000126
       9.760434      -0.000192      -0.000239
       9.790463      -0.000073      -0.000208
       9.820492      -0.000024      -0.000205
       9.850522       0.000041      -0.000217
       9.880551       0.000147      -0.000208
       9.910580       0.000281      -0.000091
       9.940609       0.000287       0.000167
       9.970638       0.000043       0.000375
      10.000667      -0.000300       0.000321
      10.030696      -0.000508       0.000033
      10.060725      -0.000453      -0.000330
      10.090754      -0.000142      -0.000542
      10.120783       0.000205      -0.000466
      10.150812       0.000413      -0.000212
      10.180841       0.000467       0.000143
      10.210870       0.000258       0.000546
      10.240899      -0.000257       0.000749
      10.270928      -0.000843       0.000513
      10.300957      -0.001092      -0.000087
      10.330986      -0.000862      -0.000621
      10.361015      -0.000451      -0.000788
      10.391044      -0.000198      -0.000677
      10.421073      -0.000204      -0.000578
      10.451102      -0.000263      -0.000722
      10.481131      -0.000056      -0.001000
      10.511160       0.000441      -0.001046
      10.541189       0.000885      -0.000666
      10.571218       0.000936      -0.000060
      10.601247       0.000552       0.000381
      10.631276       0.000043       0.000382
      10.661305      -0.000203       0.000068
      10.691334      -0.000108      -0.000205
      10.721363       0.000100      -0.000229
      10.751392       0.000198      -0.000079
      10.781421       0.000137       0.000096
      10.811450      -0.000049       0.000194
      10.841479      -0.000275       0.000148
      10.871509      -0.000437      -0.000020
      10.901538      -0.000505      -0.000244
      10.931567      -0.000475      -0.000498
      10.961596      -0.000311      -0.000761
      10.991625       0.000049      -0.000925
      11.021654       0.000491      -0.000790
      11.051683       0.000721      -0.000382
      11.081712       0.000631       0.000040
      11.111741       0.000338       0.000277
      11.141770       0.000025       0.000290
      11.171799      -0.000187       0.000153
      11.201828      -0.000245      -0.000011
      11.231857      -0.000241      -0.000069
      11.261886      -0.000339      -0.000091
      11.291915      -0.000477      -0.000256
      11.321944      -0.000463      -0.000519
      11.351973      -0.000317      -0.000698
      11.382002      -0.000180      -0.000797
      11.412031      -0.000029      -0.000922
      11.442060       0.000253      -0.001004
      11.472089       0.000565      -0.000883
      11.502118       0.000729      -0.000641
      11.532147       0.000753      -0.000418
      11.562176       0.000720      -0.000280
      11.592205       0.000735      -0.000186
      11.622234       0.000765      -0.000013
      11.652263       0.000674       0.000205
      11.682292       0.000480       0.000318
      11.712321       0.000324       0.000332
      11.742350       0.000193       0.000350
      11.772379       0.000007       0.000323
      11.802408      -0.000144       0.000154
      11.832437      -0.000113      -0.000056
      11.862466       0.000028      -0.000135
      11.892495       0.000156      -0.000090
      11.922525       0.000204       0.000067
      11.952554       0.000069       0.000230
      11.982583      -0.000176       0.000228
      12.012612      -0.000353       0.000050
      12.042641      -0.000371      -0.000179
      12.072670      -0.000277      -0.000335
      12.102699      -0.000177      -0.000394
      12.132728      -0.000135      -0.000427
      12.162757      -0.000108      -0.000527
      12.192786       0.000028      -0.000667
      12.222815       0.000271      -0.000689
      12.252844       0.000459      -0.000559
      12.282873       0.000522      -0.000406
      12.312902       0.000539      -0.000316
      12.342931       0.000604      -0.000245
      12.372960       0.000679      -0.000074
      12.402989       0.000610       0.000156
      12.433018       0.000416       0.000275
      12.463047       0.000234       0.000258
      12.493076       0.000127       0.000164
      12.523105       0.000127       0.000060
      12.553134       0.000199       0.000038
      12.583163       0.000229       0.000125
      12.613192       0.000134       0.000201
      12.643221       0.000024       0.000160
      12.673250       0.000003       0.000079
      12.703279       0.000035       0.000060
      12.733308       0.000017       0.000092
      12.763337      -0.000038       0.000077
      12.793366      -0.000060       0.000047
      12.823395      -0.000091       0.000034
      12.853424      -0.000143      -0.000015
      12.883453      -0.000145      -0.000103
      12.913482      -0.000092      -0.000154
      12.943512      -0.000050      -0.000155
      12.973541      -0.000040      -0.000138
      13.003570      -0.000066      -0.000146
      13.033599      -0.000061      -0.000196
      13.063628      -0.000012      -0.000208
      13.093657       0.000002      -0.000177
      13.123686      -0.000020      -0.000162
      13.153715      -0.000049      -0.000167
      13.183744      -0.000081      -0.000186
      13.213773      -0.000129      -0.000217
      13.243802      -0.000185      -0.000314
      13.273831      -0.000156      -0.000467
      13.303860      -0.000029      -0.000579
      13.333889       0.000129      -0.000602
      13.363918       0.000266      -0.000550
      13.393947       0.000350      -0.000447
      13.423976       0.000355      -0.000328
      13.454005       0.000282      -0.000259
      13.484034       0.000207      -0.000289
      13.514063       0.000203      -0.000357
      13.544092       0.000228      -0.000404
      13.574121       0.000271      -0.000473
      13.604150       0.000397      -0.000534
      13.634179       0.000565      -0.000486
      13.664208       0.000653      -0.000349
      13.694237       0.000658      -0.000237
      13.724266       0.000657      -0.000161
      13.754295       0.000647      -0.000072
      13.784324       0.000580      -0.000002
      13.814353       0.000512      -0.000029
      13.844382       0.000567      -0.000089
      13.874411       0.000694      -0.000014
      13.904440       0.000702       0.000169
      13.934469       0.000590       0.000290
      13.964498       0.000472       0.000317
      13.994528       0.000393       0.000298
      14.024557       0.000364       0.000272
      14.054586       0.000362       0.000292
      14.084615       0.000305       0.000349
      14.114644       0.000188       0.000338
      14.144673       0.000136       0.000240
      14.174702       0.000182       0.000183
      14.204731       0.000218       0.000208
      14.234760       0.000206       0.000243
      14.264789       0.000187       0.000276
      14.294818       0.000125       0.000331
      14.324847      -0.000011       0.000323
      14.354876      -0.000101       0.000198
      14.384905      -0.000073       0.000073
      14.414934      -0.000007       0.000019
      14.444963       0.000056       0.000012
      14.474992       0.000080       0.000052
      14.505021       0.000039       0.000063
      14.535050       0.000022       0.000015
      14.565079       0.000043      -0.000012
      14.595108       0.000034      -0.000029
      14.625137       0.000027      -0.000106
      14.655166       0.000119      -0.000209
      14.685195       0.000299      -0.000203
      14.715224       0.000418      -0.000061
      14.745253       0.000403       0.000096
      14.775282       0.000327       0.000171
      14.805311       0.000286       0.000191
      14.835340       0.000270       0.000241
      14.865369       0.000210       0.000317
      14.895398       0.000093       0.000365
      14.925427      -0.000061       0.000341
      14.955456      -0.000188       0.000214
      14.985485      -0.000201       0.000032
      15.015515      -0.000110      -0.000084
      15.045544      -0.000026      -0.000114
      15.075573       0.000020      -0.000136
      15.105602       0.000076      -0.000176
      15.135631       0.000168      -0.000197
      15.165660       0.000268      -0.000179
      15.195689       0.000369      -0.000130
      15.225718       0.000474      -0.000022
      15.255747       0.000511       0.000169
      15.285776       0.000410       0.000354
      15.315805       0.000241       0.000429
      15.345834       0.000095       0.000413
      15.375863      -0.000000       0.000355
      15.405892      -0.000048       0.000301
      15.435921      -0.000090       0.000272
      15.465950      -0.000160       0.000237
      15.495979      -0.000247       0.000149
      15.526008      -0.000280      -0.000020
      15.556037      -0.000177      -0.000193
      15.586066       0.000012      -0.000242
      15.616095       0.000150      -0.000163
      15.646124       0.000188      -0.000058
      15.676153       0.000171       0.000010
      15.706182       0.000144       0.000047
      15.736211       0.000110       0.000065
      15.766240       0.000083       0.000055
      15.796269       0.000089       0.000044
      15.826298       0.000096       0.000070
      15.856327       0.000055       0.000103
      15.886356      -0.000016       0.000090
      15.916385      -0.000071       0.000022
      15.946414      -0.000073      -0.000077
      15.976443      -0.000015      -0.000165
      16.006472       0.000082      -0.000212
      16.036502       0.000192      -0.000207
      16.066531       0.000291      -0.000143
      16.096560       0.000329      -0.000025
      16.126589       0.000273       0.000069
      16.156618       0.000196       0.000068
      16.186647       0.000189       0.000021
      16.216676       0.000225       0.000015
      16.246705       0.000241       0.000030
      16.276734       0.000269       0.000025
      16.306763       0.000346       0.000053
      16.336792       0.000403       0.000173
      16.366821       0.000353       0.000321
      16.396850       0.000228       0.000403
      16.426879       0.000098       0.000409
      16.456908      -0.000008       0.000366
      16.486937      -0.000077       0.000289
      16.516966      -0.000097       0.000203
      16.546995      -0.000077       0.000135
      16.577024      -0.000031       0.000107
      16.607053      -0.000011       0.000130
      16.637082      -0.000044       0.000133
      16.667111      -0.000058       0.000096
      16.697140      -0.000050       0.000074
      16.727169      -0.000058       0.000050
      16.757198      -0.000040      -0.000007
      16.787227       0.000036      -0.000026
      16.817256       0.000087       0.000032
      16.847285       0.000063       0.000089
      16.877314       0.000021       0.000091
      16.907343       0.000006       0.000075
      16.937372      -0.000002       0.000063
      16.967401      -0.000005       0.000043
      16.997430       0.000011       0.000030
      17.027459       0.000024       0.000036
      17.057488       0.000027       0.000051
      17.087518       0.000011       0.000074
      17.117547      -0.000038       0.000081
      17.147576      -0.000090       0.000035
      17.177605      -0.000095      -0.000037
      17.207634      -0.000062      -0.000087
      17.237663      -0.000034      -0.000110
      17.267692      -0.000023      -0.000139
      17.297721      -0.000004      -0.000193
      17.327750       0.000054      -0.000265
      17.357779       0.000175      -0.000318
      17.387808       0.000340      -0.000296
      17.417837       0.000478      -0.000171
      17.447866       0.000523       0.000004
      17.477895       0.000481       0.000162
      17.507924       0.000381       0.000269
      17.537953       0.000262       0.000307
      17.567982       0.000159       0.000293
      17.598011       0.000088       0.000230
      17.628040       0.000088       0.000154
      17.658069       0.000127       0.000126
      17.688098       0.000157       0.000131
      17.718127       0.000182       0.000152
      17.748156       0.000186       0.000195
      17.778185       0.000154       0.000225
      17.808214       0.000129       0.000222
      17.838243       0.000128       0.000223
      17.868272       0.000123       0.000242
      17.898301       0.000105       0.000264
      17.928330       0.000077       0.000279
      17.958359       0.000042       0.000286
      17.988388       0.000002       0.000277
      18.018417      -0.000026       0.000248
      18.048446      -0.000036       0.000216
      18.078475      -0.000024       0.000182
      18.108505       0.000019       0.000172
      18.138534       0.000053       0.000216
      18.168563       0.000031       0.000276
      18.198592      -0.000025       0.000301
      18.228621      -0.000076       0.000291
      18.258650      -0.000103       0.000263
      18.288679      -0.000102       0.000252
      18.318708      -0.000109       0.000274
      18.348737      -0.000159       0.000302
      18.378766      -0.000237       0.000294
      18.408795      -0.000307       0.000248
      18.438824      -0.000361       0.000178
      18.468853      -0.000388       0.000084
      18.498882      -0.000369      -0.000010
      18.528911      -0.000325      -0.000076
      18.558940      -0.000283      -0.000119
      18.588969      -0.000237      -0.000162
      18.618998      -0.000171      -0.000185
      18.649027      -0.000112      -0.000169
      18.679056      -0.000097      -0.000141
      18.709085      -0.000105      -0.000149
      18.739114      -0.000085      -0.000185
      18.769143      -0.000032      -0.000207
      18.799172       0.000031      -0.000196
      18.829201       0.000074      -0.000148
      18.859230       0.000070      -0.000101
      18.889259       0.000049      -0.000097
      18.919288       0.000066      -0.000117
      18.949317       0.000118      -0.000104
      18.979346       0.000149      -0.000037
      19.009375       0.000115       0.000040
      19.039404       0.000032       0.000063
      19.069433      -0.000035       0.000015
      19.099462      -0.000041      -0.000063
      19.129491       0.000010      -0.000114
      19.159521       0.000071      -0.000111
      19.189550       0.000108      -0.000079
      19.219579       0.000121      -0.000032
      19.249608       0.000091       0.000010
      19.279637       0.000042       0.000003
      19.309666       0.000031      -0.000041
      19.339695       0.000068      -0.000063
      19.369724       0.000096      -0.000031
      19.399753       0.000069       0.000005
      19.429782       0.000020      -0.000005
      19.459811      -0.000006      -0.000049
      19.489840      -0.000005      -0.000099
      19.519869       0.000015      -0.000150
      19.549898       0.000062      -0.000189
      19.579927       0.000108      -0.000199
      19.609956       0.000137      -0.000216
      19.639985       0.000189      -0.000250
      19.670014       0.000270      -0.000262
      19.700043       0.000353      -0.000251
      19.730072       0.000454      -0.000228
      19.760101       0.000578      -0.000143
      19.790130       0.000644       0.000022
      19.820159       0.000602       0.000186
      19.850188       0.000507       0.000273
      19.880217       0.000429       0.000298
      19.910246       0.000385       0.000301
      19.940275       0.000369       0.000309
      19.970304       0.000355       0.000338
      20.000333       0.000315       0.000361
      20.030362       0.000288       0.000338
      20.060391       0.000328       0.000318
      20.090420       0.000397       0.000369
      20.120449       0.000424       0.000477
      20.150478       0.000406       0.000595
      20.180508       0.000351       0.000724
      20.210537       0.000231       0.000845
      20.240566       0.000067       0.000900
      20.270595      -0.000068       0.000895
      20.300624      -0.000171       0.000901
      20.330653      -0.000301       0.000935
      20.360682      -0.000499       0.000943
      20.390711      -0.000732       0.000857
      20.420740      -0.000922       0.000682
      20.450769      -0.001062       0.000462
      20.480798      -0.001151       0.000182
      20.510827      -0.001121      -0.000146
      20.540856      -0.000955      -0.000433
      20.570885      -0.000695      -0.000613
      20.600914      -0.000432      -0.000651
      20.630943      -0.000239      -0.000627
      20.660972      -0.000056      -0.000588
      20.691001       0.000111      -0.000474
      20.721030       0.000188      -0.000314
      20.751059       0.000184      -0.000183
      20.781088       0.000150      -0.000106
      20.811117       0.000120      -0.000069
      20.841146       0.000109      -0.000051
      20.871175       0.000115      -0.000023
      20.901204       0.000109       0.000015
      20.931233       0.000094       0.000043
      20.961262       0.000083       0.000068
      20.991291       0.000064       0.000098
      21.021320       0.000033       0.000119
      21.051349       0.000001       0.000130
      21.081378      -0.000036       0.000132
      21.111407      -0.000072       0.000116
      21.141436      -0.000092       0.000090
      21.171465      -0.000101       0.000062
      21.201494      -0.000097       0.000035
      21.231524      -0.000079       0.000019
      21.261553      -0.000066       0.000023
      21.291582      -0.000069       0.000027
      21.321611      -0.000076       0.000019
      21.351640      -0.000076       0.000004
      21.381669      -0.000065      -0.000013
      21.411698      -0.000045      -0.000021
      21.441727      -0.000022      -0.000017
      21.471756      -0.000005      -0.000000
      21.501785      -0.000003       0.000021
      21.531814      -0.000010       0.000034
      21.561843      -0.000014       0.000044
      21.591872      -0.000025       0.000059
      21.621901      -0.000050       0.000069
      21.651930      -0.000081       0.000056
      21.681959      -0.000095       0.000023
      21.711988      -0.000084      -0.000007
      21.742017      -0.000065      -0.000020
      21.772046      -0.000047      -0.000024
      21.802075      -0.000031      -0.000022
      21.832104      -0.000018      -0.000012
      21.862133      -0.000016       0.000001
      21.892162      -0.000022       0.000008
      21.922191      -0.000030       0.000008
      21.952220      -0.000034       0.000000
      21.982249      -0.000030      -0.000014
      22.012278      -0.000010      -0.000024
      22.042307       0.000019      -0.000011
      22.072336       0.000029       0.000023
      22.102365       0.000008       0.000053
      22.132394      -0.000023       0.000057
      22.162423      -0.000042       0.000042
      22.192452      -0.000046       0.000027
      22.222481      -0.000047       0.000019
      22.252511      -0.000050       0.000010
      22.282540      -0.000053      -0.000004
      22.312569      -0.000047      -0.000026
      22.342598      -0.000024      -0.000045
      22.372627       0.000012      -0.000048
      22.402656       0.000047      -0.000026
      22.432685       0.000061       0.000016
      22.462714       0.000045       0.000054
      22.492743       0.000015       0.000070
      22.522772      -0.000011       0.000070
      22.552801      -0.000029       0.000059
      22.582830      -0.000035       0.000044
      22.612859      -0.000034       0.000036
      22.642888      -0.000033       0.000030
      22.672917      -0.000030       0.000024
      22.702946      -0.000024       0.000025
      22.732975      -0.000023       0.000031
      22.763004      -0.000030       0.000036
      22.793033      -0.000041       0.000035
      22.823062      -0.000051       0.000023
      22.853091      -0.000050       0.000004
      22.883120      -0.000037      -0.000008
      22.913149      -0.000021      -0.000010
      22.943178      -0.000009      -0.000004
      22.973207      -0.000003       0.000004
      23.003236       0.000000       0.000010
      23.033265       0.000003       0.000017
      23.063294       0.000004       0.000027
      23.093323       0.000001       0.000034
      23.123352      -0.000002       0.000043
      23.153381      -0.000011       0.000054
      23.183410      -0.000029       0.000057
      23.213439      -0.000045       0.000048
      23.243468      -0.000049       0.000033
      23.273497      -0.000045       0.000023
      23.303527      -0.000040       0.000021
      23.333556      -0.000040       0.000020
      23.363585      -0.000040       0.000017
      23.393614      -0.000037       0.000013
      23.423643      -0.000034       0.000013
      23.453672      -0.000034       0.000014
      23.483701      -0.000034       0.000013
      23.513730      -0.000034       0.000013
      23.543759      -0.000034       0.000012
      23.573788      -0.000034       0.000012
      23.603817      -0.000034       0.000011
      23.633846      -0.000033       0.000010
      23.663875      -0.000033       0.000010
      23.693904      -0.000034       0.000009
      23.723933      -0.000035       0.000007
      23.753962      -0.000035       0.000004
      23.783991      -0.000033       0.000002
      23.814020      -0.000031       0.000001
      23.844049      -0.000029       0.000001
      23.874078      -0.000029       0.000001
      23.904107      -0.000028       0.000000
      23.934136      -0.000027      -0.000001
      23.964165      -0.000026      -0.000001
      23.994194      -0.000025      -0.000002
      24.024223      -0.000024      -0.000003
      24.054252      -0.000021      -0.000003
      24.084281      -0.000019      -0.000001
      24.114310      -0.000019       0.000002
      24.144339      -0.000021       0.000003
      24.174368      -0.000024       0.000002
      24.204397      -0.000024      -0.000002
      24.234426      -0.000021      -0.000004
      24.264455      -0.000019      -0.000003
      24.294484      -0.000018      -0.000002
      24.324514      -0.000018      -0.000002
      24.354543      -0.000017      -0.000002
      24.384572      -0.000015      -0.000002
      24.414601      -0.000014      -0.000000
      24.444630      -0.000014       0.000001
      24.474659      -0.000015       0.000002
      24.504688      -0.000016       0.000001
      24.534717      -0.000015      -0.000001
      24.564746      -0.000014      -0.000000
      24.594775      -0.000013       0.000001
      24.624804      -0.000013       0.000002
      24.654833      -0.000013       0.000002
      24.684862      -0.000013       0.000002
      24.714891      -0.000013       0.000003
      24.744920      -0.000013       0.000003
      24.774949      -0.000014       0.000004
      24.804978      -0.000015       0.000003
      24.835007      -0.000015       0.000002
      24.865036      -0.000014       0.000002
      24.895065      -0.000013       0.000002
      24.925094      -0.000013       0.000003
      24.955123      -0.000014       0.000003
      24.985152      -0.000014       0.000001
      25.015181      -0.000013       0.000000
      25.045210      -0.000011       0.000001
      25.075239      -0.000009       0.000003
      25.105268      -0.000009       0.000006
      25.135297      -0.000011       0.000008
      25.165326      -0.000013       0.000009
      25.195355      -0.000016       0.000009
      25.225384      -0.000018       0.000008
      25.255413      -0.000020       0.000006
      25.285442      -0.000021       0.000005
      25.315471      -0.000022       0.000002
      25.345501      -0.000021      -0.000001
      25.375530      -0.000020      -0.000003
      25.405559      -0.000018      -0.000004
      25.435588      -0.000016      -0.000005
      25.465617      -0.000014      -0.000004
      25.495646      -0.000013      -0.000003
      25.525675      -0.000013      -0.000002
      25.555704      -0.000013      -0.000002
      25.585733      -0.000013      -0.000002
      25.615762      -0.000013      -0.000002
      25.645791      -0.000014      -0.000002
      25.675820      -0.000015      -0.000003
      25.705849      -0.000014      -0.000004
      25.735878      -0.000013      -0.000005
      25.765907      -0.000012      -0.000004
      25.795936      -0.000012      -0.000004
      25.825965      -0.000012      -0.000004
      25.855994      -0.000013      -0.000005
      25.886023      -0.000012      -0.000006
      25.916052      -0.000010      -0.000006
      25.946081      -0.000009      -0.000006
      25.976110      -0.000009      -0.000005
      26.006139      -0.000009      -0.000005
      26.036168      -0.000008      -0.000006
      26.066197      -0.000008      -0.000006
      26.096226      -0.000007      -0.000006
      26.126255      -0.000006      -0.000006
      26.156284      -0.000005      -0.000006
      26.186313      -0.000004      -0.000005
      26.216342      -0.000003      -0.000004
      26.246371      -0.000003      -0.000003
      26.276400      -0.000003      -0.000003
      26.306429      -0.000002      -0.000002
      26.336458      -0.000003      -0.000001
      26.366487      -0.000004      -0.000000
      26.396517      -0.000004      -0.000000
      26.426546      -0.000005      -0.000000
      26.456575      -0.000004      -0.000001
      26.486604      -0.000004      -0.000001
      26.516633      -0.000003      -0.000000
      26.546662      -0.000004       0.000001
      26.576691      -0.000004       0.000001
      26.606720      -0.000005       0.000001
      26.636749      -0.000005       0.000001
      26.666778      -0.000005       0.000001
      26.696807      -0.000005       0.000001
      26.726836      -0.000005       0.000001
      26.756865      -0.000005       0.000001
      26.786894      -0.000006       0.000001
      26.816923      -0.000005      -0.000000
      26.846952      -0.000005      -0.000000
      26.876981      -0.000005      -0.000000
      26.907010      -0.000004      -0.000000
      26.937039      -0.000004       0.000000
      26.967068      -0.000004       0.000001
      26.997097      -0.000004       0.000001
      27.027126      -0.000004       0.000001
      27.057155      -0.000005       0.000001
      27.087184      -0.000005       0.000001
      27.117213      -0.000006       0.000001
      27.147242      -0.000005       0.000000
      27.177271      -0.000005      -0.000000
      27.207300      -0.000004       0.000000
      27.237329      -0.000004       0.000000
      27.267358      -0.000004       0.000000
      27.297387      -0.000004       0.000001
      27.327416      -0.000004       0.000001
      27.357445      -0.000004       0.000001
      27.387474      -0.000004       0.000001
      27.417504      -0.000005       0.000001
      27.447533      -0.000005       0.000001
      27.477562      -0.000005       0.000001
      27.507591      -0.000005       0.000000
      27.537620      -0.000004       0.000000
      27.567649      -0.000004       0.000000
      27.597678      -0.000004       0.000000
      27.627707      -0.000004       0.000001
      27.657736      -0.000004       0.000001
      27.687765      -0.000005       0.000001
      27.717794      -0.000005       0.000001
      27.747823      -0.000005       0.000001
      27.777852      -0.000005       0.000000
      27.807881      -0.000005       0.000000
      27.837910      -0.000005      -0.000000
      27.867939      -0.000004      -0.000000
      27.897968      -0.000004      -0.000000
      27.927997      -0.000003      -0.000000
      27.958026      -0.000003       0.000000
      27.988055      -0.000004       0.000001
      28.018084      -0.000004       0.000001
      28.048113      -0.000005       0.000001
      28.078142      -0.000005      -0.000001
      28.108171      -0.000004      -0.000002
      28.138200      -0.000003      -0.000002
      28.168229      -0.000002      -0.000001
      28.198258      -0.000002      -0.000000
      28.228287      -0.000002      -0.000000
      28.258316      -0.000002      -0.000000
      28.288345      -0.000002      -0.000000
      28.318374      -0.000002       0.000000
      28.348403      -0.000002       0.000001
      28.378432      -0.000002       0.000001
      28.408461      -0.000002       0.000001
      28.438490      -0.000002       0.000001
      28.468520      -0.000002       0.000002
      28.498549      -0.000002       0.000001
      28.528578      -0.000002       0.000001
      28.558607      -0.000002       0.000001
      28.588636      -0.000003       0.000001
      28.618665      -0.000003       0.000001
      28.648694      -0.000003       0.000001
      28.678723      -0.000002       0.000001
      28.708752      -0.000002       0.000001
      28.738781      -0.000002       0.000002
      28.768810      -0.000002       0.000002
      28.798839      -0.000002       0.000002
      28.828868      -0.000003       0.000002
      28.858897      -0.000003       0.000002
      28.888926      -0.000003       0.000002
      28.918955      -0.000003       0.000003
      28.948984      -0.000003       0.000003
      28.979013      -0.000004       0.000003
      29.009042      -0.000004       0.000003
      29.039071      -0.000004       0.000002
      29.069100      -0.000005       0.000002
      29.099129      -0.000005       0.000002
      29.129158      -0.000005       0.000002
      29.159187      -0.000006       0.000001
      29.189216      -0.000006      -0.000000
      29.219245      -0.000006      -0.000001
      29.249274      -0.000005      -0.000002
      29.279303      -0.000004      -0.000002
      29.309332      -0.000003      -0.000001
      29.339361      -0.000003      -0.000001
      29.369390      -0.000002      -0.000001
      29.399419      -0.000002      -0.000000
      29.429448      -0.000002       0.000000
      29.459477      -0.000003       0.000000
      29.489507      -0.000003      -0.000000
      29.519536      -0.000002      -0.000000
      29.549565      -0.000002       0.000000
      29.579594      -0.000002       0.000001
      29.609623      -0.000002       0.000001
      29.639652      -0.000002       0.000001
      29.669681      -0.000002       0.000001
      29.699710      -0.000002       0.000001
      29.729739      -0.000003       0.000001
      29.759768      -0.000003       0.000001
      29.789797      -0.000003       0.000001
      29.819826      -0.000003       0.000001
      29.849855      -0.000003       0.000001
      29.879884      -0.000003       0.000001
      29.909913      -0.000004       0.000001
      29.939942      -0.000005       0.000001
      29.969971      -0.000005      -0.000000
      30.000000      -0.000004      -0.000001
