  # energy grid [eV]     epsr     epsi
       0.001000       0.000554      -0.000002
       0.031029       0.000554      -0.000001
       0.061058       0.000554      -0.000001
       0.091087       0.000554      -0.000001
       0.121116       0.000554      -0.000001
       0.151145       0.000554      -0.000001
       0.181174       0.000555      -0.000001
       0.211203       0.000555      -0.000001
       0.241232       0.000555      -0.000001
       0.271261       0.000555      -0.000000
       0.301290       0.000556      -0.000000
       0.331319       0.000556      -0.000000
       0.361348       0.000557       0.000000
       0.391377       0.000557       0.000000
       0.421406       0.000558       0.000000
       0.451435       0.000558       0.000000
       0.481464       0.000559       0.000001
       0.511493       0.000560       0.000001
       0.541523       0.000560       0.000001
       0.571552       0.000561       0.000001
       0.601581       0.000562       0.000001
       0.631610       0.000563       0.000001
       0.661639       0.000564       0.000001
       0.691668       0.000564       0.000002
       0.721697       0.000565       0.000002
       0.751726       0.000566       0.000002
       0.781755       0.000568       0.000002
       0.811784       0.000569       0.000002
       0.841813       0.000570       0.000002
       0.871842       0.000571       0.000002
       0.901871       0.000572       0.000003
       0.931900       0.000574       0.000003
       0.961929       0.000575       0.000003
       0.991958       0.000576       0.000003
       1.021987       0.000578       0.000003
       1.052016       0.000579       0.000003
       1.082045       0.000581       0.000004
       1.112074       0.000582       0.000004
       1.142103       0.000584       0.000004
       1.172132       0.000586       0.000004
       1.202161       0.000587       0.000004
       1.232190       0.000589       0.000004
       1.262219       0.000591       0.000005
       1.292248       0.000593       0.000005
       1.322277       0.000595       0.000005
       1.352306       0.000597       0.000005
       1.382335       0.000599       0.000005
       1.412364       0.000601       0.000006
       1.442393       0.000603       0.000006
       1.472422       0.000606       0.000006
       1.502451       0.000608       0.000006
       1.532480       0.000610       0.000007
       1.562510       0.000613       0.000007
       1.592539       0.000615       0.000007
       1.622568       0.000618       0.000007
       1.652597       0.000621       0.000007
       1.682626       0.000623       0.000008
       1.712655       0.000626       0.000008
       1.742684       0.000629       0.000008
       1.772713       0.000632       0.000008
       1.802742       0.000635       0.000009
       1.832771       0.000638       0.000009
       1.862800       0.000641       0.000009
       1.892829       0.000645       0.000009
       1.922858       0.000648       0.000010
       1.952887       0.000652       0.000010
       1.982916       0.000655       0.000010
       2.012945       0.000659       0.000011
       2.042974       0.000662       0.000011
       2.073003       0.000666       0.000011
       2.103032       0.000670       0.000012
       2.133061       0.000674       0.000012
       2.163090       0.000678       0.000012
       2.193119       0.000683       0.000013
       2.223148       0.000687       0.000013
       2.253177       0.000691       0.000013
       2.283206       0.000696       0.000014
       2.313235       0.000701       0.000014
       2.343264       0.000705       0.000015
       2.373293       0.000710       0.000015
       2.403322       0.000715       0.000015
       2.433351       0.000720       0.000016
       2.463380       0.000726       0.000016
       2.493409       0.000731       0.000017
       2.523438       0.000737       0.000017
       2.553467       0.000742       0.000018
       2.583496       0.000748       0.000018
       2.613526       0.000754       0.000019
       2.643555       0.000760       0.000019
       2.673584       0.000767       0.000020
       2.703613       0.000773       0.000020
       2.733642       0.000780       0.000021
       2.763671       0.000786       0.000021
       2.793700       0.000793       0.000022
       2.823729       0.000800       0.000022
       2.853758       0.000808       0.000023
       2.883787       0.000815       0.000023
       2.913816       0.000823       0.000024
       2.943845       0.000830       0.000024
       2.973874       0.000838       0.000025
       3.003903       0.000846       0.000025
       3.033932       0.000854       0.000026
       3.063961       0.000863       0.000026
       3.093990       0.000871       0.000026
       3.124019       0.000880       0.000026
       3.154048       0.000888       0.000026
       3.184077       0.000897       0.000026
       3.214106       0.000906       0.000026
       3.244135       0.000914       0.000025
       3.274164       0.000923       0.000024
       3.304193       0.000931       0.000023
       3.334222       0.000940       0.000021
       3.364251       0.000948       0.000017
       3.394280       0.000957       0.000013
       3.424309       0.000968       0.000007
       3.454338       0.000980       0.000001
       3.484367       0.000995       0.000001
       3.514396       0.001002       0.000009
       3.544425       0.000991       0.000018
       3.574454       0.000953       0.000009
       3.604483       0.000911      -0.000046
       3.634513       0.000904      -0.000138
       3.664542       0.000935      -0.000220
       3.694571       0.000953      -0.000293
       3.724600       0.000963      -0.000418
       3.754629       0.001041      -0.000605
       3.784658       0.001217      -0.000788
       3.814687       0.001471      -0.000945
       3.844716       0.001860      -0.001039
       3.874745       0.002293      -0.000887
       3.904774       0.002487      -0.000640
       3.934803       0.002665      -0.000612
       3.964832       0.003174      -0.000542
       3.994861       0.003804       0.000026
       4.024890       0.003962       0.001061
       4.054919       0.003449       0.001944
       4.084948       0.002698       0.002344
       4.114977       0.001978       0.002405
       4.145006       0.001296       0.002167
       4.175035       0.000868       0.001512
       4.205064       0.001118       0.000773
       4.235093       0.001795       0.000626
       4.265122       0.002201       0.001056
       4.295151       0.002089       0.001532
       4.325180       0.001796       0.001649
       4.355209       0.001764       0.001633
       4.385238       0.001795       0.001970
       4.415267       0.001253       0.002482
       4.445296       0.000191       0.002358
       4.475325      -0.000572       0.001368
       4.505354      -0.000494       0.000090
       4.535383       0.000213      -0.000846
       4.565412       0.001144      -0.001396
       4.595441       0.002276      -0.001656
       4.625470       0.003631      -0.001402
       4.655499       0.004755      -0.000371
       4.685529       0.005066       0.000964
       4.715558       0.004876       0.001920
       4.745587       0.004686       0.002666
       4.775616       0.004314       0.003401
       4.805645       0.003827       0.003830
       4.835674       0.003578       0.004241
       4.865703       0.003079       0.004916
       4.895732       0.002134       0.005271
       4.925761       0.001259       0.005063
       4.955790       0.000848       0.004631
       4.985819       0.000733       0.004487
       5.015848       0.000378       0.004568
       5.045877      -0.000228       0.004367
       5.075906      -0.000661       0.003769
       5.105935      -0.000655       0.003023
       5.135964      -0.000226       0.002470
       5.165993       0.000412       0.002284
       5.196022       0.001039       0.002496
       5.226051       0.001500       0.003017
       5.256080       0.001714       0.003815
       5.286109       0.001414       0.004796
       5.316138       0.000545       0.005457
       5.346167      -0.000422       0.005588
       5.376196      -0.001292       0.005424
       5.406225      -0.002105       0.004952
       5.436254      -0.002594       0.004083
       5.466283      -0.002431       0.003177
       5.496312      -0.001807       0.002788
       5.526341      -0.001290       0.003050
       5.556370      -0.001298       0.003651
       5.586399      -0.001913       0.004068
       5.616428      -0.002719       0.003916
       5.646457      -0.003259       0.003382
       5.676486      -0.003551       0.002790
       5.706516      -0.003725       0.002101
       5.736545      -0.003561       0.001268
       5.766574      -0.002933       0.000707
       5.796603      -0.002322       0.000688
       5.826632      -0.002069       0.000821
       5.856661      -0.001937       0.000810
       5.886690      -0.001738       0.000786
       5.916719      -0.001558       0.000833
       5.946748      -0.001429       0.000890
       5.976777      -0.001299       0.000933
       6.006806      -0.001118       0.001034
       6.036835      -0.001006       0.001303
       6.066864      -0.001152       0.001586
       6.096893      -0.001429       0.001635
       6.126922      -0.001592       0.001495
       6.156951      -0.001580       0.001333
       6.186980      -0.001460       0.001293
       6.217009      -0.001384       0.001396
       6.247038      -0.001444       0.001549
       6.277067      -0.001642       0.001619
       6.307096      -0.001837       0.001508
       6.337125      -0.001875       0.001343
       6.367154      -0.001859       0.001269
       6.397183      -0.001885       0.001198
       6.427212      -0.001860       0.001084
       6.457241      -0.001744       0.001035
       6.487270      -0.001671       0.001130
       6.517299      -0.001750       0.001212
       6.547328      -0.001827       0.001177
       6.577357      -0.001830       0.001166
       6.607386      -0.001890       0.001204
       6.637415      -0.001989       0.001178
       6.667444      -0.002047       0.001130
       6.697473      -0.002112       0.001101
       6.727503      -0.002200       0.001042
       6.757532      -0.002268       0.000941
       6.787561      -0.002292       0.000830
       6.817590      -0.002288       0.000729
       6.847619      -0.002244       0.000642
       6.877648      -0.002171       0.000628
       6.907677      -0.002169       0.000693
       6.937706      -0.002286       0.000723
       6.967735      -0.002421       0.000624
       6.997764      -0.002456       0.000452
       7.027793      -0.002393       0.000324
       7.057822      -0.002319       0.000265
       7.087851      -0.002246       0.000233
       7.117880      -0.002149       0.000259
       7.147909      -0.002112       0.000393
       7.177938      -0.002237       0.000536
       7.207967      -0.002460       0.000533
       7.237996      -0.002611       0.000387
       7.268025      -0.002629       0.000229
       7.298054      -0.002579       0.000156
       7.328083      -0.002539       0.000176
       7.358112      -0.002576       0.000276
       7.388141      -0.002757       0.000365
       7.418170      -0.002996       0.000328
       7.448199      -0.003191       0.000239
       7.478228      -0.003422       0.000160
       7.508257      -0.003750      -0.000019
       7.538286      -0.004058      -0.000416
       7.568315      -0.004146      -0.000986
       7.598344      -0.003904      -0.001503
       7.628373      -0.003507      -0.001682
       7.658402      -0.003314      -0.001600
       7.688431      -0.003341      -0.001555
       7.718460      -0.003414      -0.001590
       7.748489      -0.003539      -0.001586
       7.778519      -0.003915      -0.001627
       7.808548      -0.004439      -0.002069
       7.838577      -0.004661      -0.002903
       7.868606      -0.004429      -0.003688
       7.898635      -0.004125      -0.004203
       7.928664      -0.003901      -0.004763
       7.958693      -0.003506      -0.005445
       7.988722      -0.002804      -0.006071
       8.018751      -0.001901      -0.006327
       8.048780      -0.001268      -0.006281
       8.078809      -0.000856      -0.006443
       8.108838      -0.000177      -0.006846
       8.138867       0.000984      -0.007000
       8.168896       0.002108      -0.006478
       8.198925       0.002660      -0.005844
       8.228954       0.003305      -0.005581
       8.258983       0.004445      -0.004862
       8.289012       0.005163      -0.003183
       8.319041       0.004645      -0.001257
       8.349070       0.003042      -0.000199
       8.379099       0.001433      -0.000506
       8.409128       0.000693      -0.001604
       8.439157       0.000954      -0.002673
       8.469186       0.001822      -0.003069
       8.499215       0.002488      -0.002619
       8.529244       0.002295      -0.002032
       8.559273       0.001706      -0.002268
       8.589302       0.001774      -0.003247
       8.619331       0.002930      -0.004054
       8.649360       0.004642      -0.003776
       8.679389       0.005822      -0.002430
       8.709418       0.006066      -0.000803
       8.739447       0.005549       0.000580
       8.769476       0.004550       0.001344
       8.799506       0.003674       0.001317
       8.829535       0.003519       0.000974
       8.859564       0.003948       0.001228
       8.889593       0.003821       0.002316
       8.919622       0.002577       0.002954
       8.949651       0.001470       0.002313
       8.979680       0.001555       0.001379
       9.009709       0.002290       0.001320
       9.039738       0.002618       0.002143
       9.069767       0.001955       0.003093
       9.099796       0.000675       0.003160
       9.129825      -0.000107       0.002319
       9.159854      -0.000007       0.001474
       9.189883       0.000443       0.001222
       9.219912       0.000637       0.001382
       9.249941       0.000529       0.001487
       9.279970       0.000409       0.001386
       9.309999       0.000487       0.001194
       9.340028       0.000881       0.001188
       9.370057       0.001245       0.001840
       9.400086       0.000703       0.002811
       9.430115      -0.000566       0.002950
       9.460144      -0.001413       0.002153
       9.490173      -0.001476       0.001303
       9.520202      -0.001256       0.000847
       9.550231      -0.001137       0.000576
       9.580260      -0.000984       0.000204
       9.610289      -0.000552      -0.000058
       9.640318      -0.000092       0.000056
       9.670347       0.000083       0.000390
       9.700376      -0.000021       0.000631
       9.730405      -0.000168       0.000689
       9.760434      -0.000278       0.000709
       9.790463      -0.000466       0.000693
       9.820492      -0.000673       0.000473
       9.850522      -0.000663       0.000093
       9.880551      -0.000390      -0.000231
       9.910580       0.000069      -0.000362
       9.940609       0.000596      -0.000175
       9.970638       0.000913       0.000360
      10.000667       0.000810       0.000963
      10.030696       0.000395       0.001330
      10.060725      -0.000046       0.001331
      10.090754      -0.000207       0.001174
      10.120783      -0.000254       0.001225
      10.150812      -0.000529       0.001294
      10.180841      -0.000802       0.001081
      10.210870      -0.000795       0.000798
      10.240899      -0.000622       0.000695
      10.270928      -0.000446       0.000817
      10.300957      -0.000483       0.001149
      10.330986      -0.000848       0.001370
      10.361015      -0.001251       0.001300
      10.391044      -0.001505       0.001117
      10.421073      -0.001690       0.000990
      10.451102      -0.001972       0.000893
      10.481131      -0.002414       0.000633
      10.511160      -0.002800      -0.000034
      10.541189      -0.002662      -0.000958
      10.571218      -0.001967      -0.001544
      10.601247      -0.001237      -0.001524
      10.631276      -0.000889      -0.001188
      10.661305      -0.000892      -0.000921
      10.691334      -0.001043      -0.000854
      10.721363      -0.001189      -0.001004
      10.751392      -0.001172      -0.001288
      10.781421      -0.000972      -0.001538
      10.811450      -0.000681      -0.001651
      10.841479      -0.000423      -0.001628
      10.871509      -0.000262      -0.001567
      10.901538      -0.000126      -0.001556
      10.931567       0.000082      -0.001521
      10.961596       0.000275      -0.001318
      10.991625       0.000195      -0.001046
      11.021654      -0.000070      -0.001076
      11.051683      -0.000115      -0.001380
      11.081712       0.000126      -0.001635
      11.111741       0.000491      -0.001714
      11.141770       0.000897      -0.001604
      11.171799       0.001220      -0.001246
      11.201828       0.001229      -0.000752
      11.231857       0.000939      -0.000462
      11.261886       0.000657      -0.000465
      11.291915       0.000526      -0.000595
      11.321944       0.000524      -0.000732
      11.351973       0.000601      -0.000822
      11.382002       0.000692      -0.000846
      11.412031       0.000749      -0.000884
      11.442060       0.000892      -0.000966
      11.472089       0.001144      -0.000950
      11.502118       0.001371      -0.000771
      11.532147       0.001468      -0.000546
      11.562176       0.001560      -0.000358
      11.592205       0.001665      -0.000026
      11.622234       0.001507       0.000439
      11.652263       0.001057       0.000687
      11.682292       0.000651       0.000643
      11.712321       0.000327       0.000533
      11.742350      -0.000028       0.000282
      11.772379      -0.000254      -0.000214
      11.802408      -0.000177      -0.000838
      11.832437       0.000267      -0.001408
      11.862466       0.001036      -0.001654
      11.892495       0.001764      -0.001405
      11.922525       0.002145      -0.000995
      11.952554       0.002481      -0.000726
      11.982583       0.003026      -0.000230
      12.012612       0.003293       0.000824
      12.042641       0.002747       0.001916
      12.072670       0.001727       0.002364
      12.102699       0.000851       0.002177
      12.132728       0.000378       0.001686
      12.162757       0.000318       0.001197
      12.192786       0.000526       0.000931
      12.222815       0.000796       0.000950
      12.252844       0.000960       0.001252
      12.282873       0.000741       0.001711
      12.312902       0.000131       0.001850
      12.342931      -0.000375       0.001496
      12.372960      -0.000480       0.000987
      12.402989      -0.000284       0.000653
      12.433018      -0.000043       0.000595
      12.463047       0.000038       0.000700
      12.493076      -0.000079       0.000743
      12.523105      -0.000196       0.000580
      12.553134      -0.000114       0.000345
      12.583163       0.000118       0.000261
      12.613192       0.000290       0.000359
      12.643221       0.000315       0.000479
      12.673250       0.000275       0.000517
      12.703279       0.000263       0.000455
      12.733308       0.000400       0.000356
      12.763337       0.000686       0.000416
      12.793366       0.000922       0.000732
      12.823395       0.000928       0.001206
      12.853424       0.000635       0.001660
      12.883453       0.000095       0.001899
      12.913482      -0.000506       0.001789
      12.943512      -0.000897       0.001368
      12.973541      -0.000948       0.000930
      13.003570      -0.000890       0.000667
      13.033599      -0.000856       0.000413
      13.063628      -0.000687       0.000106
      13.093657      -0.000290      -0.000063
      13.123686       0.000142       0.000153
      13.153715       0.000173       0.000636
      13.183744      -0.000201       0.000828
      13.213773      -0.000442       0.000639
      13.243802      -0.000426       0.000454
      13.273831      -0.000351       0.000389
      13.303860      -0.000308       0.000400
      13.333889      -0.000349       0.000421
      13.363918      -0.000440       0.000337
      13.393947      -0.000412       0.000141
      13.423976      -0.000216       0.000027
      13.454005      -0.000018       0.000081
      13.484034       0.000087       0.000203
      13.514063       0.000132       0.000326
      13.544092       0.000140       0.000455
      13.574121       0.000107       0.000588
      13.604150       0.000002       0.000722
      13.634179      -0.000183       0.000777
      13.664208      -0.000352       0.000704
      13.694237      -0.000413       0.000577
      13.724266      -0.000407       0.000502
      13.754295      -0.000406       0.000440
      13.784324      -0.000340       0.000386
      13.814353      -0.000257       0.000466
      13.844382      -0.000344       0.000612
      13.874411      -0.000544       0.000608
      13.904440      -0.000676       0.000478
      13.934469      -0.000720       0.000322
      13.964498      -0.000694       0.000188
      13.994528      -0.000653       0.000113
      14.024557      -0.000664       0.000047
      14.054586      -0.000697      -0.000115
      14.084615      -0.000578      -0.000397
      14.114644      -0.000193      -0.000565
      14.144673       0.000253      -0.000391
      14.174702       0.000442       0.000050
      14.204731       0.000274       0.000451
      14.234760      -0.000056       0.000573
      14.264789      -0.000276       0.000457
      14.294818      -0.000304       0.000318
      14.324847      -0.000260       0.000289
      14.354876      -0.000271       0.000328
      14.384905      -0.000345       0.000333
      14.414934      -0.000392       0.000281
      14.444963      -0.000408       0.000253
      14.474992      -0.000459       0.000217
      14.505021      -0.000477       0.000123
      14.535050      -0.000412       0.000060
      14.565079      -0.000362       0.000102
      14.595108      -0.000441       0.000143
      14.625137      -0.000529       0.000037
      14.655166      -0.000471      -0.000092
      14.685195      -0.000382      -0.000092
      14.715224      -0.000411      -0.000051
      14.745253      -0.000512      -0.000134
      14.775282      -0.000496      -0.000348
      14.805311      -0.000300      -0.000499
      14.835340      -0.000093      -0.000485
      14.865369       0.000027      -0.000430
      14.895398       0.000151      -0.000392
      14.925427       0.000296      -0.000286
      14.955456       0.000362      -0.000104
      14.985485       0.000325       0.000053
      15.015515       0.000251       0.000145
      15.045544       0.000177       0.000190
      15.075573       0.000121       0.000185
      15.105602       0.000143       0.000168
      15.135631       0.000202       0.000256
      15.165660       0.000140       0.000419
      15.195689      -0.000046       0.000489
      15.225718      -0.000209       0.000420
      15.255747      -0.000276       0.000312
      15.285776      -0.000299       0.000228
      15.315805      -0.000299       0.000156
      15.345834      -0.000303       0.000110
      15.375863      -0.000334       0.000025
      15.405892      -0.000292      -0.000133
      15.435921      -0.000103      -0.000245
      15.465950       0.000133      -0.000179
      15.495979       0.000250       0.000029
      15.526008       0.000205       0.000239
      15.556037       0.000060       0.000353
      15.586066      -0.000079       0.000351
      15.616095      -0.000156       0.000315
      15.646124      -0.000218       0.000292
      15.676153      -0.000293       0.000260
      15.706182      -0.000381       0.000194
      15.736211      -0.000460       0.000066
      15.766240      -0.000476      -0.000128
      15.796269      -0.000381      -0.000337
      15.826298      -0.000176      -0.000505
      15.856327       0.000143      -0.000567
      15.886356       0.000492      -0.000404
      15.916385       0.000651      -0.000042
      15.946414       0.000558       0.000281
      15.976443       0.000375       0.000454
      16.006472       0.000182       0.000541
      16.036502      -0.000044       0.000533
      16.066531      -0.000215       0.000374
      16.096560      -0.000214       0.000162
      16.126589      -0.000085       0.000040
      16.156618       0.000076       0.000036
      16.186647       0.000194       0.000149
      16.216676       0.000185       0.000303
      16.246705       0.000081       0.000369
      16.276734       0.000022       0.000321
      16.306763       0.000093       0.000290
      16.336792       0.000184       0.000419
      16.366821       0.000095       0.000640
      16.396850      -0.000175       0.000722
      16.426879      -0.000414       0.000582
      16.456908      -0.000486       0.000352
      16.486937      -0.000422       0.000162
      16.516966      -0.000278       0.000049
      16.546995      -0.000093       0.000046
      16.577024       0.000054       0.000178
      16.607053       0.000057       0.000385
      16.637082      -0.000087       0.000525
      16.667111      -0.000270       0.000546
      16.697140      -0.000453       0.000459
      16.727169      -0.000553       0.000222
      16.757198      -0.000402      -0.000038
      16.787227      -0.000102      -0.000069
      16.817256       0.000109       0.000114
      16.847285       0.000162       0.000383
      16.877314       0.000030       0.000648
      16.907343      -0.000246       0.000763
      16.937372      -0.000492       0.000692
      16.967401      -0.000628       0.000557
      16.997430      -0.000690       0.000423
      17.027459      -0.000709       0.000337
      17.057488      -0.000777       0.000270
      17.087518      -0.000876       0.000125
      17.117547      -0.000905      -0.000145
      17.147576      -0.000711      -0.000456
      17.177605      -0.000298      -0.000567
      17.207634       0.000093      -0.000342
      17.237663       0.000194       0.000086
      17.267692      -0.000029       0.000412
      17.297721      -0.000350       0.000460
      17.327750      -0.000545       0.000327
      17.357779      -0.000615       0.000166
      17.387808      -0.000562       0.000012
      17.417837      -0.000415       0.000018
      17.447866      -0.000429       0.000179
      17.477895      -0.000626       0.000210
      17.507924      -0.000755       0.000071
      17.537953      -0.000776      -0.000059
      17.567982      -0.000801      -0.000155
      17.598011      -0.000839      -0.000310
      17.628040      -0.000767      -0.000532
      17.658069      -0.000555      -0.000659
      17.688098      -0.000368      -0.000636
      17.718127      -0.000270      -0.000582
      17.748156      -0.000199      -0.000540
      17.778185      -0.000156      -0.000494
      17.808214      -0.000131      -0.000480
      17.838243      -0.000066      -0.000478
      17.868272       0.000012      -0.000416
      17.898301       0.000028      -0.000319
      17.928330      -0.000012      -0.000256
      17.958359      -0.000062      -0.000232
      17.988388      -0.000119      -0.000242
      18.018417      -0.000158      -0.000311
      18.048446      -0.000117      -0.000401
      18.078475      -0.000018      -0.000433
      18.108505       0.000073      -0.000393
      18.138534       0.000108      -0.000313
      18.168563       0.000076      -0.000263
      18.198592       0.000056      -0.000281
      18.228621       0.000092      -0.000289
      18.258650       0.000124      -0.000255
      18.288679       0.000124      -0.000207
      18.318708       0.000087      -0.000169
      18.348737       0.000028      -0.000173
      18.378766      -0.000009      -0.000224
      18.408795      -0.000008      -0.000273
      18.438824      -0.000029      -0.000318
      18.468853      -0.000047      -0.000452
      18.498882       0.000088      -0.000642
      18.528911       0.000376      -0.000696
      18.558940       0.000632      -0.000546
      18.588969       0.000741      -0.000311
      18.618998       0.000734      -0.000101
      18.649027       0.000656       0.000057
      18.679056       0.000549       0.000138
      18.709085       0.000471       0.000168
      18.739114       0.000412       0.000199
      18.769143       0.000331       0.000227
      18.799172       0.000223       0.000204
      18.829201       0.000144       0.000101
      18.859230       0.000154      -0.000047
      18.889259       0.000271      -0.000177
      18.919288       0.000480      -0.000217
      18.949317       0.000691      -0.000111
      18.979346       0.000811       0.000095
      19.009375       0.000816       0.000325
      19.039404       0.000715       0.000524
      19.069433       0.000533       0.000630
      19.099462       0.000356       0.000596
      19.129491       0.000295       0.000471
      19.159521       0.000373       0.000381
      19.189550       0.000503       0.000403
      19.219579       0.000603       0.000518
      19.249608       0.000655       0.000682
      19.279637       0.000654       0.000898
      19.309666       0.000533       0.001143
      19.339695       0.000288       0.001302
      19.369724       0.000036       0.001324
      19.399753      -0.000155       0.001287
      19.429782      -0.000318       0.001238
      19.459811      -0.000468       0.001154
      19.489840      -0.000567       0.001036
      19.519869      -0.000599       0.000937
      19.549898      -0.000614       0.000901
      19.579927      -0.000663       0.000903
      19.609956      -0.000769       0.000913
      19.639985      -0.000939       0.000865
      19.670014      -0.001087       0.000703
      19.700043      -0.001123       0.000508
      19.730072      -0.001103       0.000377
      19.760101      -0.001106       0.000263
      19.790130      -0.001074       0.000131
      19.820159      -0.001005       0.000049
      19.850188      -0.000978       0.000002
      19.880217      -0.000968      -0.000093
      19.910246      -0.000878      -0.000206
      19.940275      -0.000737      -0.000225
      19.970304      -0.000655      -0.000150
      20.000333      -0.000679      -0.000063
      20.030362      -0.000775      -0.000051
      20.060391      -0.000854      -0.000113
      20.090420      -0.000927      -0.000200
      20.120449      -0.000985      -0.000372
      20.150478      -0.000916      -0.000592
      20.180508      -0.000749      -0.000730
      20.210537      -0.000574      -0.000792
      20.240566      -0.000393      -0.000803
      20.270595      -0.000226      -0.000745
      20.300624      -0.000111      -0.000639
      20.330653      -0.000050      -0.000525
      20.360682      -0.000011      -0.000411
      20.390711      -0.000006      -0.000250
      20.420740      -0.000135      -0.000057
      20.450769      -0.000442       0.000006
      20.480798      -0.000752      -0.000218
      20.510827      -0.000822      -0.000620
      20.540856      -0.000642      -0.000981
      20.570885      -0.000284      -0.001199
      20.600914       0.000136      -0.001148
      20.630943       0.000353      -0.000885
      20.660972       0.000341      -0.000704
      20.691001       0.000341      -0.000690
      20.721030       0.000460      -0.000682
      20.751059       0.000609      -0.000569
      20.781088       0.000690      -0.000382
      20.811117       0.000682      -0.000183
      20.841146       0.000592      -0.000026
      20.871175       0.000472       0.000045
      20.901204       0.000389       0.000053
      20.931233       0.000355       0.000044
      20.961262       0.000364       0.000062
      20.991291       0.000361       0.000133
      21.021320       0.000301       0.000208
      21.051349       0.000216       0.000239
      21.081378       0.000146       0.000238
      21.111407       0.000092       0.000238
      21.141436       0.000022       0.000238
      21.171465      -0.000065       0.000196
      21.201494      -0.000113       0.000105
      21.231524      -0.000101       0.000010
      21.261553      -0.000047      -0.000054
      21.291582       0.000022      -0.000077
      21.321611       0.000087      -0.000065
      21.351640       0.000134      -0.000023
      21.381669       0.000146       0.000033
      21.411698       0.000130       0.000075
      21.441727       0.000108       0.000092
      21.471756       0.000100       0.000095
      21.501785       0.000111       0.000109
      21.531814       0.000115       0.000148
      21.561843       0.000088       0.000196
      21.591872       0.000036       0.000218
      21.621901      -0.000002       0.000215
      21.651930      -0.000028       0.000220
      21.681959      -0.000075       0.000234
      21.711988      -0.000149       0.000219
      21.742017      -0.000213       0.000149
      21.772046      -0.000218       0.000048
      21.802075      -0.000164      -0.000025
      21.832104      -0.000094      -0.000050
      21.862133      -0.000032      -0.000039
      21.892162       0.000011      -0.000003
      21.922191       0.000025       0.000047
      21.952220       0.000007       0.000088
      21.982249      -0.000023       0.000102
      22.012278      -0.000040       0.000096
      22.042307      -0.000040       0.000095
      22.072336      -0.000045       0.000111
      22.102365      -0.000072       0.000123
      22.132394      -0.000103       0.000109
      22.162423      -0.000113       0.000081
      22.192452      -0.000104       0.000061
      22.222481      -0.000094       0.000055
      22.252511      -0.000089       0.000051
      22.282540      -0.000080       0.000046
      22.312569      -0.000064       0.000049
      22.342598      -0.000051       0.000066
      22.372627      -0.000049       0.000093
      22.402656      -0.000066       0.000128
      22.432685      -0.000114       0.000150
      22.462714      -0.000173       0.000133
      22.492743      -0.000207       0.000084
      22.522772      -0.000209       0.000032
      22.552801      -0.000190      -0.000014
      22.582830      -0.000149      -0.000042
      22.612859      -0.000106      -0.000037
      22.642888      -0.000083      -0.000015
      22.672917      -0.000075       0.000007
      22.702946      -0.000077       0.000030
      22.732975      -0.000093       0.000050
      22.763004      -0.000120       0.000059
      22.793033      -0.000154       0.000050
      22.823062      -0.000182       0.000016
      22.853091      -0.000181      -0.000035
      22.883120      -0.000146      -0.000071
      22.913149      -0.000104      -0.000075
      22.943178      -0.000078      -0.000059
      22.973207      -0.000069      -0.000044
      23.003236      -0.000066      -0.000035
      23.033265      -0.000063      -0.000033
      23.063294      -0.000052      -0.000031
      23.093323      -0.000037      -0.000018
      23.123352      -0.000033       0.000006
      23.153381      -0.000044       0.000026
      23.183410      -0.000058       0.000039
      23.213439      -0.000076       0.000048
      23.243468      -0.000100       0.000048
      23.273497      -0.000120       0.000034
      23.303527      -0.000129       0.000017
      23.333556      -0.000132       0.000001
      23.363585      -0.000131      -0.000014
      23.393614      -0.000126      -0.000026
      23.423643      -0.000120      -0.000034
      23.453672      -0.000115      -0.000041
      23.483701      -0.000110      -0.000048
      23.513730      -0.000103      -0.000055
      23.543759      -0.000094      -0.000060
      23.573788      -0.000085      -0.000062
      23.603817      -0.000078      -0.000061
      23.633846      -0.000078      -0.000061
      23.663875      -0.000078      -0.000072
      23.693904      -0.000066      -0.000088
      23.723933      -0.000040      -0.000096
      23.753962      -0.000010      -0.000087
      23.783991       0.000008      -0.000065
      23.814020       0.000013      -0.000041
      23.844049       0.000010      -0.000023
      23.874078       0.000005      -0.000011
      23.904107       0.000000      -0.000002
      23.934136      -0.000004       0.000007
      23.964165      -0.000008       0.000016
      23.994194      -0.000016       0.000026
      24.024223      -0.000031       0.000034
      24.054252      -0.000048       0.000030
      24.084281      -0.000057       0.000018
      24.114310      -0.000054       0.000006
      24.144339      -0.000044       0.000004
      24.174368      -0.000039       0.000014
      24.204397      -0.000046       0.000023
      24.234426      -0.000058       0.000022
      24.264455      -0.000063       0.000015
      24.294484      -0.000061       0.000010
      24.324514      -0.000060       0.000012
      24.354543      -0.000065       0.000014
      24.384572      -0.000071       0.000012
      24.414601      -0.000075       0.000007
      24.444630      -0.000078       0.000001
      24.474659      -0.000079      -0.000007
      24.504688      -0.000074      -0.000013
      24.534717      -0.000070      -0.000016
      24.564746      -0.000068      -0.000018
      24.594775      -0.000065      -0.000021
      24.624804      -0.000059      -0.000023
      24.654833      -0.000052      -0.000020
      24.684862      -0.000050      -0.000013
      24.714891      -0.000055      -0.000008
      24.744920      -0.000063      -0.000008
      24.774949      -0.000071      -0.000016
      24.804978      -0.000070      -0.000030
      24.835007      -0.000058      -0.000040
      24.865036      -0.000044      -0.000040
      24.895065      -0.000035      -0.000033
      24.925094      -0.000034      -0.000025
      24.955123      -0.000035      -0.000022
      24.985152      -0.000035      -0.000022
      25.015181      -0.000033      -0.000022
      25.045210      -0.000031      -0.000021
      25.075239      -0.000029      -0.000020
      25.105268      -0.000026      -0.000019
      25.135297      -0.000024      -0.000016
      25.165326      -0.000024      -0.000015
      25.195355      -0.000021      -0.000016
      25.225384      -0.000014      -0.000015
      25.255413      -0.000006      -0.000009
      25.285442      -0.000001       0.000003
      25.315471      -0.000002       0.000018
      25.345501      -0.000012       0.000031
      25.375530      -0.000025       0.000036
      25.405559      -0.000037       0.000035
      25.435588      -0.000046       0.000032
      25.465617      -0.000054       0.000026
      25.495646      -0.000058       0.000019
      25.525675      -0.000059       0.000011
      25.555704      -0.000057       0.000005
      25.585733      -0.000053       0.000000
      25.615762      -0.000049      -0.000002
      25.645791      -0.000044      -0.000002
      25.675820      -0.000040       0.000000
      25.705849      -0.000038       0.000004
      25.735878      -0.000038       0.000009
      25.765907      -0.000042       0.000013
      25.795936      -0.000047       0.000013
      25.825965      -0.000051       0.000011
      25.855994      -0.000052       0.000008
      25.886023      -0.000053       0.000005
      25.916052      -0.000052       0.000003
      25.946081      -0.000052       0.000002
      25.976110      -0.000051       0.000000
      26.006139      -0.000050      -0.000001
      26.036168      -0.000049      -0.000003
      26.066197      -0.000047      -0.000003
      26.096226      -0.000045      -0.000003
      26.126255      -0.000043      -0.000002
      26.156284      -0.000042       0.000000
      26.186313      -0.000042       0.000003
      26.216342      -0.000044       0.000004
      26.246371      -0.000046       0.000003
      26.276400      -0.000047       0.000001
      26.306429      -0.000046      -0.000001
      26.336458      -0.000044      -0.000001
      26.366487      -0.000043      -0.000001
      26.396517      -0.000042       0.000001
      26.426546      -0.000042       0.000003
      26.456575      -0.000044       0.000004
      26.486604      -0.000046       0.000003
      26.516633      -0.000046       0.000002
      26.546662      -0.000046       0.000001
      26.576691      -0.000045       0.000000
      26.606720      -0.000044      -0.000000
      26.636749      -0.000043       0.000000
      26.666778      -0.000043       0.000001
      26.696807      -0.000043       0.000002
      26.726836      -0.000044       0.000001
      26.756865      -0.000043       0.000001
      26.786894      -0.000043       0.000002
      26.816923      -0.000044       0.000001
      26.846952      -0.000044       0.000001
      26.876981      -0.000043       0.000000
      26.907010      -0.000042       0.000001
      26.937039      -0.000041       0.000002
      26.967068      -0.000041       0.000003
      26.997097      -0.000043       0.000004
      27.027126      -0.000044       0.000004
      27.057155      -0.000045       0.000002
      27.087184      -0.000044       0.000001
      27.117213      -0.000044       0.000000
      27.147242      -0.000042      -0.000000
      27.177271      -0.000040       0.000000
      27.207300      -0.000039       0.000002
      27.237329      -0.000039       0.000004
      27.267358      -0.000040       0.000006
      27.297387      -0.000042       0.000008
      27.327416      -0.000044       0.000008
      27.357445      -0.000046       0.000006
      27.387474      -0.000047       0.000004
      27.417504      -0.000046       0.000002
      27.447533      -0.000045       0.000002
      27.477562      -0.000044       0.000002
      27.507591      -0.000044       0.000003
      27.537620      -0.000045       0.000003
      27.567649      -0.000045       0.000003
      27.597678      -0.000045       0.000002
      27.627707      -0.000045       0.000001
      27.657736      -0.000044       0.000002
      27.687765      -0.000043       0.000003
      27.717794      -0.000044       0.000003
      27.747823      -0.000045       0.000003
      27.777852      -0.000046       0.000002
      27.807881      -0.000045       0.000001
      27.837910      -0.000044       0.000000
      27.867939      -0.000043       0.000001
      27.897968      -0.000043       0.000002
      27.927997      -0.000043       0.000002
      27.958026      -0.000044       0.000002
      27.988055      -0.000043       0.000001
      28.018084      -0.000043       0.000001
      28.048113      -0.000042       0.000002
      28.078142      -0.000042       0.000002
      28.108171      -0.000043       0.000003
      28.138200      -0.000044       0.000003
      28.168229      -0.000045       0.000002
      28.198258      -0.000045       0.000001
      28.228287      -0.000043      -0.000001
      28.258316      -0.000041      -0.000001
      28.288345      -0.000040       0.000000
      28.318374      -0.000039       0.000002
      28.348403      -0.000039       0.000003
      28.378432      -0.000040       0.000004
      28.408461      -0.000041       0.000005
      28.438490      -0.000041       0.000005
      28.468520      -0.000042       0.000006
      28.498549      -0.000042       0.000006
      28.528578      -0.000043       0.000006
      28.558607      -0.000045       0.000006
      28.588636      -0.000045       0.000005
      28.618665      -0.000045       0.000003
      28.648694      -0.000044       0.000002
      28.678723      -0.000042       0.000003
      28.708752      -0.000041       0.000004
      28.738781      -0.000041       0.000007
      28.768810      -0.000044       0.000008
      28.798839      -0.000046       0.000007
      28.828868      -0.000047       0.000005
      28.858897      -0.000047       0.000003
      28.888926      -0.000046       0.000002
      28.918955      -0.000044       0.000002
      28.948984      -0.000042       0.000002
      28.979013      -0.000041       0.000004
      29.009042      -0.000040       0.000006
      29.039071      -0.000041       0.000008
      29.069100      -0.000043       0.000010
      29.099129      -0.000045       0.000010
      29.129158      -0.000047       0.000009
      29.159187      -0.000048       0.000007
      29.189216      -0.000047       0.000007
      29.219245      -0.000047       0.000007
      29.249274      -0.000048       0.000007
      29.279303      -0.000048       0.000007
      29.309332      -0.000049       0.000006
      29.339361      -0.000048       0.000005
      29.369390      -0.000048       0.000005
      29.399419      -0.000048       0.000006
      29.429448      -0.000049       0.000005
      29.459477      -0.000049       0.000005
      29.489507      -0.000049       0.000005
      29.519536      -0.000048       0.000005
      29.549565      -0.000049       0.000006
      29.579594      -0.000050       0.000006
      29.609623      -0.000051       0.000005
      29.639652      -0.000051       0.000004
      29.669681      -0.000051       0.000004
      29.699710      -0.000050       0.000003
      29.729739      -0.000050       0.000003
      29.759768      -0.000050       0.000004
      29.789797      -0.000050       0.000004
      29.819826      -0.000050       0.000004
      29.849855      -0.000051       0.000003
      29.879884      -0.000051       0.000003
      29.909913      -0.000050       0.000002
      29.939942      -0.000050       0.000002
      29.969971      -0.000049       0.000003
      30.000000      -0.000049       0.000003
