  # energy grid [eV]     epsr     epsi
       0.001000      -0.000426      -0.000001
       0.031029      -0.000426      -0.000001
       0.061058      -0.000426      -0.000001
       0.091087      -0.000426      -0.000002
       0.121116      -0.000427      -0.000002
       0.151145      -0.000427      -0.000002
       0.181174      -0.000427      -0.000003
       0.211203      -0.000428      -0.000003
       0.241232      -0.000428      -0.000003
       0.271261      -0.000429      -0.000003
       0.301290      -0.000430      -0.000004
       0.331319      -0.000431      -0.000004
       0.361348      -0.000432      -0.000004
       0.391377      -0.000432      -0.000004
       0.421406      -0.000434      -0.000005
       0.451435      -0.000435      -0.000005
       0.481464      -0.000436      -0.000005
       0.511493      -0.000437      -0.000005
       0.541523      -0.000439      -0.000006
       0.571552      -0.000440      -0.000006
       0.601581      -0.000442      -0.000006
       0.631610      -0.000443      -0.000007
       0.661639      -0.000445      -0.000007
       0.691668      -0.000447      -0.000007
       0.721697      -0.000449      -0.000007
       0.751726      -0.000451      -0.000008
       0.781755      -0.000453      -0.000008
       0.811784      -0.000455      -0.000008
       0.841813      -0.000457      -0.000009
       0.871842      -0.000460      -0.000009
       0.901871      -0.000462      -0.000009
       0.931900      -0.000465      -0.000010
       0.961929      -0.000467      -0.000010
       0.991958      -0.000470      -0.000011
       1.021987      -0.000473      -0.000011
       1.052016      -0.000476      -0.000011
       1.082045      -0.000479      -0.000012
       1.112074      -0.000482      -0.000012
       1.142103      -0.000486      -0.000012
       1.172132      -0.000489      -0.000013
       1.202161      -0.000493      -0.000013
       1.232190      -0.000497      -0.000014
       1.262219      -0.000501      -0.000014
       1.292248      -0.000505      -0.000015
       1.322277      -0.000509      -0.000015
       1.352306      -0.000513      -0.000016
       1.382335      -0.000518      -0.000016
       1.412364      -0.000522      -0.000017
       1.442393      -0.000527      -0.000017
       1.472422      -0.000532      -0.000018
       1.502451      -0.000537      -0.000018
       1.532480      -0.000542      -0.000019
       1.562510      -0.000548      -0.000020
       1.592539      -0.000553      -0.000020
       1.622568      -0.000559      -0.000021
       1.652597      -0.000565      -0.000022
       1.682626      -0.000571      -0.000022
       1.712655      -0.000578      -0.000023
       1.742684      -0.000585      -0.000024
       1.772713      -0.000592      -0.000024
       1.802742      -0.000599      -0.000025
       1.832771      -0.000606      -0.000026
       1.862800      -0.000614      -0.000027
       1.892829      -0.000622      -0.000028
       1.922858      -0.000630      -0.000029
       1.952887      -0.000638      -0.000030
       1.982916      -0.000647      -0.000031
       2.012945      -0.000656      -0.000032
       2.042974      -0.000666      -0.000033
       2.073003      -0.000675      -0.000034
       2.103032      -0.000685      -0.000036
       2.133061      -0.000696      -0.000037
       2.163090      -0.000707      -0.000038
       2.193119      -0.000718      -0.000040
       2.223148      -0.000730      -0.000041
       2.253177      -0.000742      -0.000043
       2.283206      -0.000755      -0.000044
       2.313235      -0.000768      -0.000046
       2.343264      -0.000782      -0.000048
       2.373293      -0.000796      -0.000050
       2.403322      -0.000811      -0.000052
       2.433351      -0.000826      -0.000054
       2.463380      -0.000842      -0.000056
       2.493409      -0.000859      -0.000058
       2.523438      -0.000876      -0.000061
       2.553467      -0.000894      -0.000064
       2.583496      -0.000913      -0.000066
       2.613526      -0.000933      -0.000069
       2.643555      -0.000954      -0.000073
       2.673584      -0.000976      -0.000076
       2.703613      -0.000999      -0.000080
       2.733642      -0.001022      -0.000084
       2.763671      -0.001048      -0.000088
       2.793700      -0.001074      -0.000092
       2.823729      -0.001102      -0.000097
       2.853758      -0.001131      -0.000102
       2.883787      -0.001162      -0.000108
       2.913816      -0.001194      -0.000114
       2.943845      -0.001228      -0.000121
       2.973874      -0.001265      -0.000128
       3.003903      -0.001303      -0.000136
       3.033932      -0.001344      -0.000144
       3.063961      -0.001387      -0.000154
       3.093990      -0.001433      -0.000164
       3.124019      -0.001483      -0.000176
       3.154048      -0.001536      -0.000189
       3.184077      -0.001592      -0.000203
       3.214106      -0.001653      -0.000220
       3.244135      -0.001718      -0.000239
       3.274164      -0.001789      -0.000261
       3.304193      -0.001864      -0.000286
       3.334222      -0.001946      -0.000317
       3.364251      -0.002033      -0.000354
       3.394280      -0.002123      -0.000399
       3.424309      -0.002213      -0.000452
       3.454338      -0.002296      -0.000505
       3.484367      -0.002377      -0.000540
       3.514396      -0.002484      -0.000548
       3.544425      -0.002648      -0.000543
       3.574454      -0.002894      -0.000559
       3.604483      -0.003225      -0.000665
       3.634513      -0.003566      -0.000921
       3.664542      -0.003815      -0.001288
       3.694571      -0.003981      -0.001669
       3.724600      -0.004127      -0.002074
       3.754629      -0.004221      -0.002554
       3.784658      -0.004207      -0.003072
       3.814687      -0.004080      -0.003588
       3.844716      -0.003803      -0.004031
       3.874745      -0.003504      -0.004205
       3.904774      -0.003597      -0.004247
       3.934803      -0.004061      -0.004798
       3.964832      -0.004125      -0.006143
       3.994861      -0.003059      -0.007595
       4.024890      -0.001183      -0.008090
       4.054919       0.000498      -0.007391
       4.084948       0.001267      -0.005958
       4.114977       0.000777      -0.004622
       4.145006      -0.000516      -0.004376
       4.175035      -0.001467      -0.005470
       4.205064      -0.001178      -0.007133
       4.235093       0.000225      -0.008300
       4.265122       0.002080      -0.008501
       4.295151       0.003665      -0.007800
       4.325180       0.004700      -0.006758
       4.355209       0.005486      -0.005608
       4.385238       0.006005      -0.003938
       4.415267       0.005309      -0.001944
       4.445296       0.003459      -0.001090
       4.475325       0.002004      -0.001736
       4.505354       0.001697      -0.002693
       4.535383       0.001851      -0.003109
       4.565412       0.001747      -0.003332
       4.595441       0.001630      -0.003966
       4.625470       0.002132      -0.004789
       4.655499       0.003111      -0.005111
       4.685529       0.003984      -0.004971
       4.715558       0.004760      -0.004626
       4.745587       0.005307      -0.004045
       4.775616       0.005614      -0.003659
       4.805645       0.006356      -0.003368
       4.835674       0.007344      -0.002238
       4.865703       0.007411      -0.000297
       4.895732       0.006125       0.001252
       4.925761       0.004410       0.001454
       4.955790       0.003430       0.000687
       4.985819       0.003419      -0.000121
       5.015848       0.003966      -0.000313
       5.045877       0.004292       0.000248
       5.075906       0.003847       0.000905
       5.105935       0.003055       0.000875
       5.135964       0.002701       0.000313
       5.165993       0.002926      -0.000202
       5.196022       0.003470      -0.000309
       5.226051       0.003970       0.000055
       5.256080       0.004143       0.000740
       5.286109       0.003871       0.001450
       5.316138       0.003255       0.001918
       5.346167       0.002539       0.002005
       5.376196       0.001958       0.001820
       5.406225       0.001497       0.001533
       5.436254       0.001090       0.001061
       5.466283       0.000978       0.000364
       5.496312       0.001274      -0.000270
       5.526341       0.001864      -0.000644
       5.556370       0.002568      -0.000592
       5.586399       0.003041      -0.000170
       5.616428       0.003234       0.000330
       5.646457       0.003219       0.000880
       5.676486       0.002889       0.001362
       5.706516       0.002382       0.001532
       5.736545       0.001961       0.001404
       5.766574       0.001754       0.001131
       5.796603       0.001750       0.000878
       5.826632       0.001855       0.000708
       5.856661       0.002044       0.000595
       5.886690       0.002371       0.000636
       5.916719       0.002653       0.000994
       5.946748       0.002580       0.001521
       5.976777       0.002199       0.001808
       6.006806       0.001912       0.001844
       6.036835       0.001687       0.001934
       6.066864       0.001318       0.001945
       6.096893       0.001007       0.001698
       6.126922       0.000971       0.001380
       6.156951       0.001121       0.001237
       6.186980       0.001242       0.001316
       6.217009       0.001176       0.001491
       6.247038       0.000933       0.001564
       6.277067       0.000675       0.001434
       6.307096       0.000579       0.001187
       6.337125       0.000633       0.001018
       6.367154       0.000661       0.000950
       6.397183       0.000654       0.000843
       6.427212       0.000729       0.000719
       6.457241       0.000845       0.000674
       6.487270       0.000928       0.000674
       6.517299       0.001024       0.000676
       6.547328       0.001146       0.000761
       6.577357       0.001164       0.000940
       6.607386       0.001045       0.001053
       6.637415       0.000953       0.001048
       6.667444       0.000928       0.001075
       6.697473       0.000847       0.001138
       6.727503       0.000727       0.001157
       6.757532       0.000593       0.001142
       6.787561       0.000452       0.001070
       6.817590       0.000343       0.000945
       6.847619       0.000280       0.000784
       6.877648       0.000288       0.000615
       6.907677       0.000339       0.000495
       6.937706       0.000365       0.000392
       6.967735       0.000408       0.000241
       6.997764       0.000535       0.000079
       7.027793       0.000744      -0.000032
       7.057822       0.001006      -0.000035
       7.087851       0.001222       0.000093
       7.117880       0.001342       0.000258
       7.147909       0.001417       0.000433
       7.177938       0.001417       0.000643
       7.207967       0.001300       0.000811
       7.237996       0.001148       0.000861
       7.268025       0.001043       0.000832
       7.298054       0.001004       0.000790
       7.328083       0.000990       0.000785
       7.358112       0.000940       0.000793
       7.388141       0.000866       0.000758
       7.418170       0.000813       0.000667
       7.448199       0.000828       0.000551
       7.478228       0.000884       0.000488
       7.508257       0.000880       0.000433
       7.538286       0.000890       0.000261
       7.568315       0.001058       0.000041
       7.598344       0.001383      -0.000085
       7.628373       0.001764      -0.000019
       7.658402       0.002043       0.000206
       7.688431       0.002191       0.000445
       7.718460       0.002307       0.000635
       7.748489       0.002457       0.000853
       7.778519       0.002558       0.001150
       7.808548       0.002585       0.001446
       7.838577       0.002595       0.001742
       7.868606       0.002580       0.002099
       7.898635       0.002430       0.002527
       7.928664       0.002085       0.002896
       7.958693       0.001594       0.003063
       7.988722       0.001165       0.002909
       8.018751       0.001085       0.002636
       8.048780       0.001252       0.002587
       8.078809       0.001421       0.002826
       8.108838       0.001389       0.003332
       8.138867       0.000897       0.003884
       8.168896       0.000047       0.003970
       8.198925      -0.000513       0.003531
       8.228954      -0.000638       0.003179
       8.258983      -0.000769       0.003039
       8.289012      -0.000961       0.002852
       8.319041      -0.001046       0.002627
       8.349070      -0.001059       0.002532
       8.379099      -0.001204       0.002554
       8.409128      -0.001527       0.002491
       8.439157      -0.001900       0.002203
       8.469186      -0.002111       0.001724
       8.499215      -0.002148       0.001237
       8.529244      -0.002044       0.000705
       8.559273      -0.001653       0.000297
       8.589302      -0.001284       0.000286
       8.619331      -0.001343       0.000324
       8.649360      -0.001555      -0.000142
       8.679389      -0.001232      -0.001049
       8.709418      -0.000089      -0.001697
       8.739447       0.001399      -0.001421
       8.769476       0.002362      -0.000288
       8.799506       0.002518       0.000958
       8.829535       0.002233       0.001965
       8.859564       0.001633       0.002746
       8.889593       0.000835       0.003112
       8.919622       0.000195       0.003135
       8.949651      -0.000307       0.003131
       8.979680      -0.000904       0.003069
       9.009709      -0.001549       0.002668
       9.039738      -0.001814       0.001910
       9.069767      -0.001527       0.001320
       9.099796      -0.001175       0.001189
       9.129825      -0.001025       0.001168
       9.159854      -0.000867       0.001120
       9.189883      -0.000657       0.001181
       9.219912      -0.000519       0.001420
       9.249941      -0.000608       0.001755
       9.279970      -0.000959       0.001943
       9.309999      -0.001294       0.001811
       9.340028      -0.001330       0.001635
       9.370057      -0.001339       0.001756
       9.400086      -0.001694       0.001937
       9.430115      -0.002260       0.001763
       9.460144      -0.002607       0.001214
       9.490173      -0.002558       0.000668
       9.520202      -0.002395       0.000384
       9.550231      -0.002365       0.000174
       9.580260      -0.002345      -0.000151
       9.610289      -0.002216      -0.000530
       9.640318      -0.001965      -0.000934
       9.670347      -0.001480      -0.001319
       9.700376      -0.000738      -0.001420
       9.730405      -0.000037      -0.001080
       9.760434       0.000376      -0.000421
       9.790463       0.000329       0.000392
       9.820492      -0.000274       0.000977
       9.850522      -0.001094       0.000953
       9.880551      -0.001633       0.000386
       9.910580      -0.001641      -0.000363
       9.940609      -0.001204      -0.000904
       9.970638      -0.000572      -0.001100
      10.000667       0.000081      -0.000898
      10.030696       0.000451      -0.000301
      10.060725       0.000277       0.000340
      10.090754      -0.000264       0.000570
      10.120783      -0.000692       0.000275
      10.150812      -0.000640      -0.000207
      10.180841      -0.000214      -0.000405
      10.210870       0.000185      -0.000195
      10.240899       0.000277       0.000187
      10.270928       0.000150       0.000433
      10.300957       0.000030       0.000559
      10.330986      -0.000128       0.000681
      10.361015      -0.000371       0.000660
      10.391044      -0.000458       0.000434
      10.421073      -0.000259       0.000304
      10.451102      -0.000040       0.000470
      10.481131      -0.000036       0.000787
      10.511160      -0.000244       0.001067
      10.541189      -0.000623       0.001226
      10.571218      -0.001103       0.001110
      10.601247      -0.001384       0.000682
      10.631276      -0.001305       0.000272
      10.661305      -0.001114       0.000107
      10.691334      -0.001020       0.000039
      10.721363      -0.000926      -0.000055
      10.751392      -0.000811      -0.000090
      10.781421      -0.000742      -0.000123
      10.811450      -0.000611      -0.000190
      10.841479      -0.000390      -0.000150
      10.871509      -0.000224       0.000070
      10.901538      -0.000248       0.000375
      10.931567      -0.000480       0.000621
      10.961596      -0.000848       0.000669
      10.991625      -0.001174       0.000480
      11.021654      -0.001351       0.000157
      11.051683      -0.001354      -0.000230
      11.081712      -0.001139      -0.000576
      11.111741      -0.000778      -0.000740
      11.141770      -0.000415      -0.000690
      11.171799      -0.000154      -0.000470
      11.201828      -0.000094      -0.000166
      11.231857      -0.000215       0.000031
      11.261886      -0.000341       0.000095
      11.291915      -0.000457       0.000117
      11.321944      -0.000564       0.000055
      11.351973      -0.000567      -0.000047
      11.382002      -0.000509      -0.000064
      11.412031      -0.000525      -0.000029
      11.442060      -0.000580      -0.000085
      11.472089      -0.000514      -0.000188
      11.502118      -0.000371      -0.000154
      11.532147      -0.000339      -0.000013
      11.562176      -0.000412       0.000072
      11.592205      -0.000470       0.000099
      11.622234      -0.000528       0.000156
      11.652263      -0.000658       0.000191
      11.682292      -0.000791       0.000159
      11.712321      -0.000933       0.000115
      11.742350      -0.001133      -0.000013
      11.772379      -0.001264      -0.000306
      11.802408      -0.001205      -0.000632
      11.832437      -0.001040      -0.000873
      11.862466      -0.000828      -0.001053
      11.892495      -0.000575      -0.001159
      11.922525      -0.000320      -0.001212
      11.952554       0.000007      -0.001232
      11.982583       0.000407      -0.001050
      12.012612       0.000639      -0.000644
      12.042641       0.000624      -0.000208
      12.072670       0.000393       0.000140
      12.102699       0.000038       0.000256
      12.132728      -0.000215       0.000134
      12.162757      -0.000255      -0.000019
      12.192786      -0.000208      -0.000048
      12.222815      -0.000203       0.000010
      12.252844      -0.000256       0.000104
      12.282873      -0.000416       0.000215
      12.312902      -0.000727       0.000211
      12.342931      -0.001031      -0.000059
      12.372960      -0.001072      -0.000488
      12.402989      -0.000865      -0.000789
      12.433018      -0.000637      -0.000898
      12.463047      -0.000468      -0.000940
      12.493076      -0.000312      -0.000948
      12.523105      -0.000195      -0.000903
      12.553134      -0.000159      -0.000863
      12.583163      -0.000141      -0.000904
      12.613192      -0.000047      -0.000984
      12.643221       0.000115      -0.001009
      12.673250       0.000277      -0.000951
      12.703279       0.000380      -0.000829
      12.733308       0.000373      -0.000718
      12.763337       0.000338      -0.000738
      12.793366       0.000445      -0.000834
      12.823395       0.000707      -0.000800
      12.853424       0.000912      -0.000535
      12.883453       0.000892      -0.000205
      12.913482       0.000723       0.000020
      12.943512       0.000506       0.000126
      12.973541       0.000291       0.000121
      13.003570       0.000127       0.000029
      13.033599       0.000022      -0.000103
      13.063628      -0.000033      -0.000290
      13.093657       0.000051      -0.000517
      13.123686       0.000281      -0.000631
      13.153715       0.000499      -0.000571
      13.183744       0.000605      -0.000450
      13.213773       0.000663      -0.000361
      13.243802       0.000732      -0.000260
      13.273831       0.000769      -0.000103
      13.303860       0.000705       0.000069
      13.333889       0.000565       0.000160
      13.363918       0.000426       0.000181
      13.393947       0.000268       0.000142
      13.423976       0.000144      -0.000031
      13.454005       0.000195      -0.000266
      13.484034       0.000397      -0.000391
      13.514063       0.000599      -0.000366
      13.544092       0.000730      -0.000287
      13.574121       0.000847      -0.000199
      13.604150       0.000940      -0.000058
      13.634179       0.000982       0.000091
      13.664208       0.001015       0.000268
      13.694237       0.000943       0.000505
      13.724266       0.000711       0.000648
      13.754295       0.000477       0.000575
      13.784324       0.000436       0.000385
      13.814353       0.000583       0.000308
      13.844382       0.000715       0.000415
      13.874411       0.000737       0.000588
      13.904440       0.000662       0.000767
      13.934469       0.000486       0.000879
      13.964498       0.000316       0.000868
      13.994528       0.000231       0.000831
      14.024557       0.000149       0.000851
      14.054586      -0.000008       0.000850
      14.084615      -0.000188       0.000743
      14.114644      -0.000299       0.000518
      14.144673      -0.000232       0.000241
      14.174702       0.000023       0.000093
      14.204731       0.000261       0.000198
      14.234760       0.000278       0.000361
      14.264789       0.000249       0.000374
      14.294818       0.000326       0.000389
      14.324847       0.000385       0.000504
      14.354876       0.000362       0.000628
      14.384905       0.000311       0.000716
      14.414934       0.000257       0.000806
      14.444963       0.000151       0.000908
      14.474992      -0.000020       0.000951
      14.505021      -0.000189       0.000901
      14.535050      -0.000307       0.000782
      14.565079      -0.000337       0.000632
      14.595108      -0.000273       0.000522
      14.625137      -0.000177       0.000506
      14.655166      -0.000123       0.000572
      14.685195      -0.000156       0.000660
      14.715224      -0.000252       0.000696
      14.745253      -0.000344       0.000664
      14.775282      -0.000393       0.000611
      14.805311      -0.000430       0.000568
      14.835340      -0.000464       0.000518
      14.865369      -0.000486       0.000461
      14.895398      -0.000494       0.000399
      14.925427      -0.000483       0.000342
      14.955456      -0.000467       0.000294
      14.985485      -0.000431       0.000244
      15.015515      -0.000370       0.000233
      15.045544      -0.000347       0.000266
      15.075573      -0.000367       0.000270
      15.105602      -0.000353       0.000248
      15.135631      -0.000327       0.000273
      15.165660      -0.000354       0.000319
      15.195689      -0.000425       0.000336
      15.225718      -0.000523       0.000302
      15.255747      -0.000607       0.000180
      15.285776      -0.000584      -0.000003
      15.315805      -0.000432      -0.000116
      15.345834      -0.000286      -0.000091
      15.375863      -0.000232      -0.000029
      15.405892      -0.000218      -0.000000
      15.435921      -0.000205      -0.000005
      15.465950      -0.000152      -0.000027
      15.495979      -0.000052      -0.000001
      15.526008       0.000020       0.000109
      15.556037       0.000003       0.000244
      15.586066      -0.000090       0.000337
      15.616095      -0.000210       0.000351
      15.646124      -0.000297       0.000291
      15.676153      -0.000316       0.000211
      15.706182      -0.000283       0.000156
      15.736211      -0.000235       0.000155
      15.766240      -0.000230       0.000190
      15.796269      -0.000270       0.000177
      15.826298      -0.000238       0.000109
      15.856327      -0.000119       0.000135
      15.886356      -0.000079       0.000294
      15.916385      -0.000207       0.000445
      15.946414      -0.000424       0.000445
      15.976443      -0.000568       0.000282
      16.006472      -0.000543       0.000098
      16.036502      -0.000441       0.000036
      16.066531      -0.000412       0.000050
      16.096560      -0.000435      -0.000001
      16.126589      -0.000380      -0.000090
      16.156618      -0.000279      -0.000114
      16.186647      -0.000196      -0.000099
      16.216676      -0.000110      -0.000053
      16.246705      -0.000065       0.000056
      16.276734      -0.000108       0.000153
      16.306763      -0.000183       0.000187
      16.336792      -0.000241       0.000171
      16.366821      -0.000261       0.000136
      16.396850      -0.000252       0.000113
      16.426879      -0.000232       0.000116
      16.456908      -0.000225       0.000147
      16.486937      -0.000253       0.000184
      16.516966      -0.000312       0.000202
      16.546995      -0.000391       0.000178
      16.577024      -0.000446       0.000097
      16.607053      -0.000446       0.000004
      16.637082      -0.000418      -0.000089
      16.667111      -0.000322      -0.000180
      16.697140      -0.000165      -0.000179
      16.727169      -0.000065      -0.000060
      16.757198      -0.000104       0.000064
      16.787227      -0.000201       0.000068
      16.817256      -0.000217      -0.000021
      16.847285      -0.000115      -0.000095
      16.877314       0.000067      -0.000052
      16.907343       0.000195       0.000170
      16.937372       0.000114       0.000460
      16.967401      -0.000142       0.000620
      16.997430      -0.000408       0.000597
      17.027459      -0.000581       0.000484
      17.057488      -0.000707       0.000364
      17.087518      -0.000817       0.000195
      17.117547      -0.000834      -0.000026
      17.147576      -0.000759      -0.000205
      17.177605      -0.000661      -0.000346
      17.207634      -0.000505      -0.000475
      17.237663      -0.000278      -0.000510
      17.267692      -0.000088      -0.000416
      17.297721       0.000005      -0.000276
      17.327750       0.000034      -0.000159
      17.357779       0.000061      -0.000046
      17.387808       0.000024       0.000125
      17.417837      -0.000152       0.000231
      17.447866      -0.000330       0.000173
      17.477895      -0.000409       0.000049
      17.507924      -0.000420      -0.000090
      17.537953      -0.000331      -0.000223
      17.567982      -0.000162      -0.000256
      17.598011      -0.000018      -0.000153
      17.628040      -0.000004       0.000025
      17.658069      -0.000127       0.000129
      17.688098      -0.000250       0.000104
      17.718127      -0.000300       0.000028
      17.748156      -0.000299      -0.000035
      17.778185      -0.000279      -0.000085
      17.808214      -0.000230      -0.000123
      17.838243      -0.000168      -0.000114
      17.868272      -0.000147      -0.000069
      17.898301      -0.000173      -0.000050
      17.928330      -0.000192      -0.000088
      17.958359      -0.000142      -0.000148
      17.988388      -0.000026      -0.000146
      18.018417       0.000066      -0.000043
      18.048446       0.000067       0.000088
      18.078475       0.000017       0.000186
      18.108505      -0.000059       0.000259
      18.138534      -0.000165       0.000292
      18.168563      -0.000257       0.000264
      18.198592      -0.000293       0.000216
      18.228621      -0.000292       0.000211
      18.258650      -0.000330       0.000256
      18.288679      -0.000444       0.000278
      18.318708      -0.000584       0.000204
      18.348737      -0.000653       0.000041
      18.378766      -0.000608      -0.000113
      18.408795      -0.000516      -0.000194
      18.438824      -0.000432      -0.000223
      18.468853      -0.000363      -0.000223
      18.498882      -0.000311      -0.000208
      18.528911      -0.000272      -0.000180
      18.558940      -0.000255      -0.000147
      18.588969      -0.000246      -0.000120
      18.618998      -0.000238      -0.000083
      18.649027      -0.000257      -0.000023
      18.679056      -0.000341       0.000031
      18.709085      -0.000477       0.000002
      18.739114      -0.000568      -0.000135
      18.769143      -0.000551      -0.000302
      18.799172      -0.000447      -0.000425
      18.829201      -0.000310      -0.000471
      18.859230      -0.000188      -0.000456
      18.889259      -0.000089      -0.000405
      18.919288      -0.000029      -0.000318
      18.949317      -0.000026      -0.000236
      18.979346      -0.000048      -0.000190
      19.009375      -0.000062      -0.000177
      19.039404      -0.000042      -0.000171
      19.069433      -0.000007      -0.000123
      19.099462      -0.000013      -0.000046
      19.129491      -0.000057       0.000012
      19.159521      -0.000104       0.000044
      19.189550      -0.000150       0.000080
      19.219579      -0.000233       0.000112
      19.249608      -0.000340       0.000086
      19.279637      -0.000408       0.000007
      19.309666      -0.000423      -0.000076
      19.339695      -0.000406      -0.000138
      19.369724      -0.000376      -0.000167
      19.399753      -0.000366      -0.000165
      19.429782      -0.000394      -0.000173
      19.459811      -0.000425      -0.000223
      19.489840      -0.000416      -0.000290
      19.519869      -0.000386      -0.000328
      19.549898      -0.000379      -0.000358
      19.579927      -0.000368      -0.000418
      19.609956      -0.000316      -0.000488
      19.639985      -0.000228      -0.000525
      19.670014      -0.000143      -0.000517
      19.700043      -0.000084      -0.000490
      19.730072      -0.000037      -0.000465
      19.760101       0.000006      -0.000426
      19.790130       0.000022      -0.000388
      19.820159       0.000043      -0.000373
      19.850188       0.000085      -0.000337
      19.880217       0.000099      -0.000269
      19.910246       0.000065      -0.000214
      19.940275       0.000017      -0.000220
      19.970304       0.000038      -0.000268
      20.000333       0.000133      -0.000250
      20.030362       0.000191      -0.000121
      20.060391       0.000125       0.000036
      20.090420      -0.000047       0.000104
      20.120449      -0.000210       0.000028
      20.150478      -0.000256      -0.000119
      20.180508      -0.000199      -0.000230
      20.210537      -0.000092      -0.000266
      20.240566       0.000008      -0.000213
      20.270595       0.000048      -0.000096
      20.300624       0.000003       0.000034
      20.330653      -0.000113       0.000125
      20.360682      -0.000264       0.000159
      20.390711      -0.000427       0.000139
      20.420740      -0.000598       0.000073
      20.450769      -0.000794      -0.000073
      20.480798      -0.000933      -0.000361
      20.510827      -0.000902      -0.000709
      20.540856      -0.000730      -0.001007
      20.570885      -0.000445      -0.001224
      20.600914      -0.000092      -0.001281
      20.630943       0.000203      -0.001185
      20.660972       0.000393      -0.001020
      20.691001       0.000487      -0.000856
      20.721030       0.000534      -0.000732
      20.751059       0.000577      -0.000632
      20.781088       0.000620      -0.000525
      20.811117       0.000642      -0.000403
      20.841146       0.000627      -0.000278
      20.871175       0.000577      -0.000175
      20.901204       0.000513      -0.000098
      20.931233       0.000427      -0.000046
      20.961262       0.000335      -0.000050
      20.991291       0.000292      -0.000099
      21.021320       0.000307      -0.000135
      21.051349       0.000337      -0.000128
      21.081378       0.000351      -0.000101
      21.111407       0.000358      -0.000076
      21.141436       0.000374      -0.000041
      21.171465       0.000378       0.000028
      21.201494       0.000330       0.000107
      21.231524       0.000237       0.000143
      21.261553       0.000151       0.000118
      21.291582       0.000113       0.000064
      21.321611       0.000110       0.000029
      21.351640       0.000107       0.000012
      21.381669       0.000104      -0.000008
      21.411698       0.000117      -0.000022
      21.441727       0.000128      -0.000013
      21.471756       0.000115       0.000001
      21.501785       0.000090      -0.000007
      21.531814       0.000079      -0.000035
      21.561843       0.000094      -0.000064
      21.591872       0.000126      -0.000071
      21.621901       0.000149      -0.000054
      21.651930       0.000153      -0.000031
      21.681959       0.000146      -0.000018
      21.711988       0.000142      -0.000012
      21.742017       0.000139      -0.000005
      21.772046       0.000139       0.000002
      21.802075       0.000139       0.000016
      21.832104       0.000123       0.000035
      21.862133       0.000098       0.000036
      21.892162       0.000086       0.000023
      21.922191       0.000088       0.000019
      21.952220       0.000083       0.000026
      21.982249       0.000066       0.000026
      22.012278       0.000054       0.000017
      22.042307       0.000047       0.000005
      22.072336       0.000043      -0.000010
      22.102365       0.000048      -0.000026
      22.132394       0.000063      -0.000034
      22.162423       0.000076      -0.000027
      22.192452       0.000075      -0.000017
      22.222481       0.000066      -0.000017
      22.252511       0.000063      -0.000027
      22.282540       0.000068      -0.000033
      22.312569       0.000071      -0.000037
      22.342598       0.000077      -0.000049
      22.372627       0.000097      -0.000059
      22.402656       0.000127      -0.000054
      22.432685       0.000154      -0.000029
      22.462714       0.000162       0.000013
      22.492743       0.000143       0.000052
      22.522772       0.000108       0.000072
      22.552801       0.000074       0.000070
      22.582830       0.000051       0.000055
      22.612859       0.000041       0.000037
      22.642888       0.000039       0.000021
      22.672917       0.000042       0.000009
      22.702946       0.000049       0.000003
      22.732975       0.000053       0.000001
      22.763004       0.000056      -0.000002
      22.793033       0.000061      -0.000006
      22.823062       0.000073      -0.000007
      22.853091       0.000084       0.000005
      22.883120       0.000080       0.000022
      22.913149       0.000066       0.000027
      22.943178       0.000057       0.000022
      22.973207       0.000056       0.000017
      23.003236       0.000057       0.000016
      23.033265       0.000055       0.000016
      23.063294       0.000053       0.000014
      23.093323       0.000052       0.000010
      23.123352       0.000054       0.000005
      23.153381       0.000059       0.000004
      23.183410       0.000060       0.000005
      23.213439       0.000061       0.000003
      23.243468       0.000066      -0.000001
      23.273497       0.000075       0.000000
      23.303527       0.000082       0.000006
      23.333556       0.000085       0.000014
      23.363585       0.000084       0.000021
      23.393614       0.000081       0.000024
      23.423643       0.000081       0.000025
      23.453672       0.000083       0.000025
      23.483701       0.000087       0.000027
      23.513730       0.000092       0.000032
      23.543759       0.000095       0.000039
      23.573788       0.000098       0.000048
      23.603817       0.000098       0.000058
      23.633846       0.000095       0.000068
      23.663875       0.000092       0.000077
      23.693904       0.000088       0.000086
      23.723933       0.000083       0.000097
      23.753962       0.000073       0.000110
      23.783991       0.000056       0.000119
      23.814020       0.000037       0.000119
      23.844049       0.000023       0.000112
      23.874078       0.000016       0.000105
      23.904107       0.000010       0.000100
      23.934136       0.000004       0.000096
      23.964165      -0.000002       0.000090
      23.994194      -0.000005       0.000083
      24.024223      -0.000005       0.000076
      24.054252      -0.000003       0.000073
      24.084281      -0.000002       0.000074
      24.114310      -0.000005       0.000075
      24.144339      -0.000009       0.000073
      24.174368      -0.000010       0.000069
      24.204397      -0.000008       0.000068
      24.234426      -0.000008       0.000070
      24.264455      -0.000013       0.000074
      24.294484      -0.000020       0.000073
      24.324514      -0.000026       0.000069
      24.354543      -0.000030       0.000064
      24.384572      -0.000032       0.000059
      24.414601      -0.000033       0.000054
      24.444630      -0.000032       0.000050
      24.474659      -0.000031       0.000047
      24.504688      -0.000030       0.000045
      24.534717      -0.000030       0.000044
      24.564746      -0.000031       0.000042
      24.594775      -0.000031       0.000038
      24.624804      -0.000029       0.000036
      24.654833      -0.000027       0.000036
      24.684862      -0.000027       0.000038
      24.714891      -0.000030       0.000039
      24.744920      -0.000034       0.000038
      24.774949      -0.000039       0.000034
      24.804978      -0.000040       0.000026
      24.835007      -0.000036       0.000019
      24.865036      -0.000029       0.000016
      24.895065      -0.000024       0.000018
      24.925094      -0.000022       0.000021
      24.955123      -0.000023       0.000022
      24.985152      -0.000023       0.000023
      25.015181      -0.000025       0.000024
      25.045210      -0.000026       0.000023
      25.075239      -0.000027       0.000020
      25.105268      -0.000026       0.000018
      25.135297      -0.000024       0.000017
      25.165326      -0.000023       0.000017
      25.195355      -0.000022       0.000016
      25.225384      -0.000021       0.000017
      25.255413      -0.000021       0.000018
      25.285442      -0.000021       0.000019
      25.315471      -0.000022       0.000018
      25.345501      -0.000023       0.000018
      25.375530      -0.000023       0.000017
      25.405559      -0.000023       0.000016
      25.435588      -0.000022       0.000016
      25.465617      -0.000022       0.000015
      25.495646      -0.000022       0.000014
      25.525675      -0.000021       0.000014
      25.555704      -0.000020       0.000015
      25.585733      -0.000020       0.000015
      25.615762      -0.000020       0.000015
      25.645791      -0.000020       0.000015
      25.675820      -0.000019       0.000015
      25.705849      -0.000019       0.000016
      25.735878      -0.000019       0.000018
      25.765907      -0.000021       0.000019
      25.795936      -0.000024       0.000019
      25.825965      -0.000025       0.000017
      25.855994      -0.000026       0.000016
      25.886023      -0.000027       0.000015
      25.916052      -0.000027       0.000013
      25.946081      -0.000026       0.000011
      25.976110      -0.000025       0.000010
      26.006139      -0.000024       0.000010
      26.036168      -0.000024       0.000010
      26.066197      -0.000024       0.000010
      26.096226      -0.000024       0.000009
      26.126255      -0.000024       0.000009
      26.156284      -0.000024       0.000008
      26.186313      -0.000024       0.000007
      26.216342      -0.000023       0.000006
      26.246371      -0.000022       0.000006
      26.276400      -0.000021       0.000007
      26.306429      -0.000022       0.000007
      26.336458      -0.000022       0.000007
      26.366487      -0.000022       0.000006
      26.396517      -0.000022       0.000006
      26.426546      -0.000021       0.000006
      26.456575      -0.000021       0.000005
      26.486604      -0.000021       0.000005
      26.516633      -0.000021       0.000005
      26.546662      -0.000021       0.000005
      26.576691      -0.000020       0.000005
      26.606720      -0.000020       0.000005
      26.636749      -0.000020       0.000005
      26.666778      -0.000021       0.000004
      26.696807      -0.000021       0.000004
      26.726836      -0.000020       0.000003
      26.756865      -0.000020       0.000003
      26.786894      -0.000019       0.000003
      26.816923      -0.000018       0.000003
      26.846952      -0.000018       0.000003
      26.876981      -0.000018       0.000003
      26.907010      -0.000018       0.000003
      26.937039      -0.000018       0.000003
      26.967068      -0.000017       0.000003
      26.997097      -0.000017       0.000003
      27.027126      -0.000016       0.000003
      27.057155      -0.000016       0.000003
      27.087184      -0.000016       0.000003
      27.117213      -0.000016       0.000003
      27.147242      -0.000016       0.000003
      27.177271      -0.000015       0.000003
      27.207300      -0.000014       0.000003
      27.237329      -0.000014       0.000004
      27.267358      -0.000014       0.000006
      27.297387      -0.000014       0.000007
      27.327416      -0.000016       0.000007
      27.357445      -0.000017       0.000006
      27.387474      -0.000016       0.000005
      27.417504      -0.000015       0.000005
      27.447533      -0.000015       0.000006
      27.477562      -0.000016       0.000007
      27.507591      -0.000016       0.000007
      27.537620      -0.000017       0.000007
      27.567649      -0.000018       0.000006
      27.597678      -0.000018       0.000005
      27.627707      -0.000017       0.000005
      27.657736      -0.000017       0.000005
      27.687765      -0.000016       0.000005
      27.717794      -0.000016       0.000006
      27.747823      -0.000016       0.000006
      27.777852      -0.000017       0.000006
      27.807881      -0.000017       0.000006
      27.837910      -0.000017       0.000005
      27.867939      -0.000017       0.000005
      27.897968      -0.000016       0.000006
      27.927997      -0.000017       0.000006
      27.958026      -0.000017       0.000007
      27.988055      -0.000018       0.000007
      28.018084      -0.000018       0.000007
      28.048113      -0.000018       0.000007
      28.078142      -0.000019       0.000007
      28.108171      -0.000020       0.000007
      28.138200      -0.000021       0.000006
      28.168229      -0.000021       0.000005
      28.198258      -0.000020       0.000004
      28.228287      -0.000020       0.000003
      28.258316      -0.000019       0.000003
      28.288345      -0.000019       0.000002
      28.318374      -0.000018       0.000002
      28.348403      -0.000017       0.000003
      28.378432      -0.000017       0.000004
      28.408461      -0.000018       0.000005
      28.438490      -0.000018       0.000005
      28.468520      -0.000019       0.000005
      28.498549      -0.000020       0.000004
      28.528578      -0.000020       0.000003
      28.558607      -0.000019       0.000002
      28.588636      -0.000018       0.000001
      28.618665      -0.000017       0.000002
      28.648694      -0.000016       0.000003
      28.678723      -0.000017       0.000004
      28.708752      -0.000018       0.000004
      28.738781      -0.000018       0.000004
      28.768810      -0.000018       0.000004
      28.798839      -0.000017       0.000004
      28.828868      -0.000018       0.000005
      28.858897      -0.000018       0.000005
      28.888926      -0.000019       0.000004
      28.918955      -0.000019       0.000004
      28.948984      -0.000019       0.000004
      28.979013      -0.000020       0.000003
      29.009042      -0.000020       0.000003
      29.039071      -0.000019       0.000002
      29.069100      -0.000019       0.000002
      29.099129      -0.000018       0.000002
      29.129158      -0.000018       0.000003
      29.159187      -0.000018       0.000003
      29.189216      -0.000019       0.000003
      29.219245      -0.000019       0.000003
      29.249274      -0.000019       0.000003
      29.279303      -0.000019       0.000003
      29.309332      -0.000019       0.000002
      29.339361      -0.000019       0.000002
      29.369390      -0.000019       0.000002
      29.399419      -0.000019       0.000003
      29.429448      -0.000019       0.000003
      29.459477      -0.000020       0.000003
      29.489507      -0.000021       0.000003
      29.519536      -0.000021       0.000002
      29.549565      -0.000021       0.000001
      29.579594      -0.000020       0.000000
      29.609623      -0.000020       0.000000
      29.639652      -0.000019       0.000000
      29.669681      -0.000019       0.000000
      29.699710      -0.000019       0.000001
      29.729739      -0.000018       0.000001
      29.759768      -0.000018       0.000001
      29.789797      -0.000018       0.000002
      29.819826      -0.000018       0.000002
      29.849855      -0.000019       0.000002
      29.879884      -0.000019       0.000002
      29.909913      -0.000019       0.000002
      29.939942      -0.000019       0.000002
      29.969971      -0.000019       0.000002
      30.000000      -0.000019       0.000002
