  # energy grid [eV]     epsr     epsi
       0.001000      -0.000426       0.000001
       0.031029      -0.000426       0.000001
       0.061058      -0.000426       0.000000
       0.091087      -0.000426       0.000000
       0.121116      -0.000427      -0.000000
       0.151145      -0.000427      -0.000000
       0.181174      -0.000427      -0.000001
       0.211203      -0.000428      -0.000001
       0.241232      -0.000428      -0.000001
       0.271261      -0.000429      -0.000001
       0.301290      -0.000430      -0.000002
       0.331319      -0.000431      -0.000002
       0.361348      -0.000432      -0.000002
       0.391377      -0.000432      -0.000002
       0.421406      -0.000434      -0.000003
       0.451435      -0.000435      -0.000003
       0.481464      -0.000436      -0.000003
       0.511493      -0.000437      -0.000003
       0.541523      -0.000439      -0.000004
       0.571552      -0.000440      -0.000004
       0.601581      -0.000442      -0.000004
       0.631610      -0.000443      -0.000005
       0.661639      -0.000445      -0.000005
       0.691668      -0.000447      -0.000005
       0.721697      -0.000449      -0.000006
       0.751726      -0.000451      -0.000006
       0.781755      -0.000453      -0.000006
       0.811784      -0.000455      -0.000006
       0.841813      -0.000457      -0.000007
       0.871842      -0.000460      -0.000007
       0.901871      -0.000462      -0.000007
       0.931900      -0.000465      -0.000008
       0.961929      -0.000467      -0.000008
       0.991958      -0.000470      -0.000009
       1.021987      -0.000473      -0.000009
       1.052016      -0.000476      -0.000009
       1.082045      -0.000479      -0.000010
       1.112074      -0.000482      -0.000010
       1.142103      -0.000486      -0.000011
       1.172132      -0.000489      -0.000011
       1.202161      -0.000493      -0.000011
       1.232190      -0.000497      -0.000012
       1.262219      -0.000501      -0.000012
       1.292248      -0.000505      -0.000013
       1.322277      -0.000509      -0.000013
       1.352306      -0.000513      -0.000014
       1.382335      -0.000518      -0.000014
       1.412364      -0.000522      -0.000015
       1.442393      -0.000527      -0.000015
       1.472422      -0.000532      -0.000016
       1.502451      -0.000537      -0.000016
       1.532480      -0.000542      -0.000017
       1.562510      -0.000548      -0.000018
       1.592539      -0.000553      -0.000018
       1.622568      -0.000559      -0.000019
       1.652597      -0.000565      -0.000020
       1.682626      -0.000571      -0.000020
       1.712655      -0.000578      -0.000021
       1.742684      -0.000585      -0.000022
       1.772713      -0.000592      -0.000023
       1.802742      -0.000599      -0.000023
       1.832771      -0.000606      -0.000024
       1.862800      -0.000614      -0.000025
       1.892829      -0.000622      -0.000026
       1.922858      -0.000630      -0.000027
       1.952887      -0.000638      -0.000028
       1.982916      -0.000647      -0.000029
       2.012945      -0.000656      -0.000030
       2.042974      -0.000666      -0.000031
       2.073003      -0.000675      -0.000032
       2.103032      -0.000686      -0.000034
       2.133061      -0.000696      -0.000035
       2.163090      -0.000707      -0.000036
       2.193119      -0.000718      -0.000038
       2.223148      -0.000730      -0.000039
       2.253177      -0.000742      -0.000041
       2.283206      -0.000755      -0.000042
       2.313235      -0.000768      -0.000044
       2.343264      -0.000782      -0.000046
       2.373293      -0.000796      -0.000048
       2.403322      -0.000811      -0.000050
       2.433351      -0.000826      -0.000052
       2.463380      -0.000842      -0.000054
       2.493409      -0.000859      -0.000056
       2.523438      -0.000876      -0.000059
       2.553467      -0.000894      -0.000062
       2.583496      -0.000913      -0.000064
       2.613526      -0.000933      -0.000067
       2.643555      -0.000954      -0.000071
       2.673584      -0.000976      -0.000074
       2.703613      -0.000999      -0.000078
       2.733642      -0.001022      -0.000082
       2.763671      -0.001048      -0.000086
       2.793700      -0.001074      -0.000090
       2.823729      -0.001102      -0.000095
       2.853758      -0.001131      -0.000100
       2.883787      -0.001162      -0.000106
       2.913816      -0.001194      -0.000112
       2.943845      -0.001228      -0.000119
       2.973874      -0.001265      -0.000126
       3.003903      -0.001303      -0.000134
       3.033932      -0.001344      -0.000142
       3.063961      -0.001387      -0.000152
       3.093990      -0.001433      -0.000162
       3.124019      -0.001483      -0.000174
       3.154048      -0.001536      -0.000187
       3.184077      -0.001592      -0.000201
       3.214106      -0.001653      -0.000218
       3.244135      -0.001718      -0.000237
       3.274164      -0.001789      -0.000259
       3.304193      -0.001864      -0.000284
       3.334222      -0.001946      -0.000315
       3.364251      -0.002033      -0.000352
       3.394280      -0.002123      -0.000397
       3.424309      -0.002213      -0.000450
       3.454338      -0.002296      -0.000503
       3.484367      -0.002377      -0.000538
       3.514396      -0.002484      -0.000546
       3.544425      -0.002648      -0.000541
       3.574454      -0.002894      -0.000557
       3.604483      -0.003225      -0.000663
       3.634513      -0.003566      -0.000919
       3.664542      -0.003815      -0.001286
       3.694571      -0.003981      -0.001667
       3.724600      -0.004127      -0.002072
       3.754629      -0.004221      -0.002552
       3.784658      -0.004207      -0.003070
       3.814687      -0.004080      -0.003586
       3.844716      -0.003803      -0.004029
       3.874745      -0.003504      -0.004203
       3.904774      -0.003597      -0.004245
       3.934803      -0.004061      -0.004796
       3.964832      -0.004125      -0.006141
       3.994861      -0.003059      -0.007592
       4.024890      -0.001183      -0.008088
       4.054919       0.000498      -0.007389
       4.084948       0.001267      -0.005956
       4.114977       0.000777      -0.004620
       4.145006      -0.000516      -0.004374
       4.175035      -0.001467      -0.005468
       4.205064      -0.001178      -0.007131
       4.235093       0.000225      -0.008298
       4.265122       0.002080      -0.008499
       4.295151       0.003665      -0.007798
       4.325180       0.004700      -0.006756
       4.355209       0.005486      -0.005605
       4.385238       0.006005      -0.003936
       4.415267       0.005309      -0.001941
       4.445296       0.003459      -0.001088
       4.475325       0.002004      -0.001734
       4.505354       0.001697      -0.002691
       4.535383       0.001851      -0.003107
       4.565412       0.001747      -0.003330
       4.595441       0.001630      -0.003964
       4.625470       0.002132      -0.004787
       4.655499       0.003111      -0.005109
       4.685529       0.003984      -0.004969
       4.715558       0.004760      -0.004624
       4.745587       0.005307      -0.004043
       4.775616       0.005614      -0.003657
       4.805645       0.006356      -0.003366
       4.835674       0.007344      -0.002236
       4.865703       0.007411      -0.000295
       4.895732       0.006126       0.001254
       4.925761       0.004410       0.001456
       4.955790       0.003430       0.000689
       4.985819       0.003419      -0.000119
       5.015848       0.003966      -0.000310
       5.045877       0.004293       0.000250
       5.075906       0.003848       0.000907
       5.105935       0.003055       0.000877
       5.135964       0.002701       0.000315
       5.165993       0.002926      -0.000200
       5.196022       0.003470      -0.000307
       5.226051       0.003970       0.000057
       5.256080       0.004143       0.000742
       5.286109       0.003871       0.001452
       5.316138       0.003255       0.001920
       5.346167       0.002539       0.002007
       5.376196       0.001958       0.001822
       5.406225       0.001497       0.001535
       5.436254       0.001090       0.001063
       5.466283       0.000978       0.000366
       5.496312       0.001274      -0.000268
       5.526341       0.001864      -0.000642
       5.556370       0.002568      -0.000590
       5.586399       0.003041      -0.000168
       5.616428       0.003234       0.000332
       5.646457       0.003219       0.000882
       5.676486       0.002889       0.001364
       5.706516       0.002382       0.001534
       5.736545       0.001961       0.001406
       5.766574       0.001754       0.001133
       5.796603       0.001750       0.000880
       5.826632       0.001855       0.000711
       5.856661       0.002044       0.000598
       5.886690       0.002371       0.000638
       5.916719       0.002653       0.000996
       5.946748       0.002580       0.001524
       5.976777       0.002199       0.001810
       6.006806       0.001912       0.001847
       6.036835       0.001687       0.001936
       6.066864       0.001318       0.001947
       6.096893       0.001007       0.001700
       6.126922       0.000971       0.001382
       6.156951       0.001121       0.001239
       6.186980       0.001242       0.001318
       6.217009       0.001176       0.001493
       6.247038       0.000933       0.001566
       6.277067       0.000676       0.001437
       6.307096       0.000579       0.001189
       6.337125       0.000633       0.001020
       6.367154       0.000661       0.000953
       6.397183       0.000654       0.000845
       6.427212       0.000729       0.000721
       6.457241       0.000845       0.000677
       6.487270       0.000928       0.000676
       6.517299       0.001024       0.000678
       6.547328       0.001146       0.000763
       6.577357       0.001164       0.000943
       6.607386       0.001045       0.001056
       6.637415       0.000953       0.001050
       6.667444       0.000928       0.001077
       6.697473       0.000847       0.001140
       6.727503       0.000727       0.001159
       6.757532       0.000593       0.001144
       6.787561       0.000452       0.001072
       6.817590       0.000343       0.000947
       6.847619       0.000280       0.000787
       6.877648       0.000288       0.000617
       6.907677       0.000339       0.000498
       6.937706       0.000365       0.000394
       6.967735       0.000408       0.000243
       6.997764       0.000535       0.000081
       7.027793       0.000744      -0.000030
       7.057822       0.001006      -0.000033
       7.087851       0.001222       0.000096
       7.117880       0.001342       0.000260
       7.147909       0.001417       0.000435
       7.177938       0.001417       0.000645
       7.207967       0.001300       0.000813
       7.237996       0.001148       0.000863
       7.268025       0.001043       0.000835
       7.298054       0.001004       0.000792
       7.328083       0.000990       0.000788
       7.358112       0.000940       0.000795
       7.388141       0.000866       0.000760
       7.418170       0.000813       0.000669
       7.448199       0.000828       0.000553
       7.478228       0.000884       0.000490
       7.508257       0.000880       0.000435
       7.538286       0.000890       0.000263
       7.568315       0.001058       0.000043
       7.598344       0.001383      -0.000083
       7.628373       0.001764      -0.000016
       7.658402       0.002043       0.000208
       7.688431       0.002191       0.000447
       7.718460       0.002307       0.000637
       7.748489       0.002457       0.000855
       7.778519       0.002558       0.001152
       7.808548       0.002584       0.001448
       7.838577       0.002595       0.001744
       7.868606       0.002580       0.002102
       7.898635       0.002430       0.002530
       7.928664       0.002085       0.002898
       7.958693       0.001594       0.003066
       7.988722       0.001165       0.002911
       8.018751       0.001085       0.002639
       8.048780       0.001252       0.002589
       8.078809       0.001421       0.002829
       8.108838       0.001389       0.003335
       8.138867       0.000897       0.003886
       8.168896       0.000047       0.003972
       8.198925      -0.000513       0.003534
       8.228954      -0.000638       0.003181
       8.258983      -0.000769       0.003042
       8.289012      -0.000961       0.002854
       8.319041      -0.001046       0.002630
       8.349070      -0.001059       0.002535
       8.379099      -0.001204       0.002556
       8.409128      -0.001527       0.002493
       8.439157      -0.001900       0.002206
       8.469186      -0.002111       0.001726
       8.499215      -0.002148       0.001239
       8.529244      -0.002044       0.000707
       8.559273      -0.001653       0.000300
       8.589302      -0.001285       0.000288
       8.619331      -0.001343       0.000327
       8.649360      -0.001555      -0.000140
       8.679389      -0.001232      -0.001047
       8.709418      -0.000089      -0.001694
       8.739447       0.001399      -0.001418
       8.769476       0.002362      -0.000286
       8.799506       0.002518       0.000960
       8.829535       0.002233       0.001967
       8.859564       0.001633       0.002749
       8.889593       0.000835       0.003115
       8.919622       0.000195       0.003138
       8.949651      -0.000307       0.003133
       8.979680      -0.000904       0.003071
       9.009709      -0.001549       0.002670
       9.039738      -0.001814       0.001913
       9.069767      -0.001527       0.001322
       9.099796      -0.001175       0.001192
       9.129825      -0.001025       0.001171
       9.159854      -0.000867       0.001122
       9.189883      -0.000657       0.001184
       9.219912      -0.000519       0.001423
       9.249941      -0.000608       0.001757
       9.279970      -0.000959       0.001946
       9.309999      -0.001294       0.001813
       9.340028      -0.001330       0.001638
       9.370057      -0.001339       0.001758
       9.400086      -0.001694       0.001939
       9.430115      -0.002260       0.001766
       9.460144      -0.002607       0.001217
       9.490173      -0.002558       0.000671
       9.520202      -0.002395       0.000386
       9.550231      -0.002365       0.000177
       9.580260      -0.002345      -0.000149
       9.610289      -0.002216      -0.000527
       9.640318      -0.001965      -0.000931
       9.670347      -0.001480      -0.001316
       9.700376      -0.000738      -0.001418
       9.730405      -0.000037      -0.001077
       9.760434       0.000376      -0.000418
       9.790463       0.000329       0.000394
       9.820492      -0.000274       0.000980
       9.850522      -0.001094       0.000956
       9.880551      -0.001633       0.000388
       9.910580      -0.001641      -0.000360
       9.940609      -0.001204      -0.000902
       9.970638      -0.000572      -0.001097
      10.000667       0.000081      -0.000895
      10.030696       0.000451      -0.000298
      10.060725       0.000277       0.000343
      10.090754      -0.000264       0.000572
      10.120783      -0.000692       0.000278
      10.150812      -0.000640      -0.000205
      10.180841      -0.000214      -0.000402
      10.210870       0.000185      -0.000192
      10.240899       0.000277       0.000190
      10.270928       0.000150       0.000435
      10.300957       0.000030       0.000562
      10.330986      -0.000128       0.000684
      10.361015      -0.000371       0.000663
      10.391044      -0.000458       0.000437
      10.421073      -0.000259       0.000306
      10.451102      -0.000040       0.000473
      10.481131      -0.000036       0.000790
      10.511160      -0.000244       0.001070
      10.541189      -0.000623       0.001229
      10.571218      -0.001103       0.001113
      10.601247      -0.001384       0.000685
      10.631276      -0.001305       0.000275
      10.661305      -0.001114       0.000110
      10.691334      -0.001020       0.000042
      10.721363      -0.000926      -0.000052
      10.751392      -0.000811      -0.000087
      10.781421      -0.000742      -0.000120
      10.811450      -0.000611      -0.000187
      10.841479      -0.000390      -0.000147
      10.871509      -0.000224       0.000073
      10.901538      -0.000248       0.000378
      10.931567      -0.000480       0.000624
      10.961596      -0.000848       0.000672
      10.991625      -0.001174       0.000483
      11.021654      -0.001351       0.000160
      11.051683      -0.001354      -0.000227
      11.081712      -0.001139      -0.000573
      11.111741      -0.000778      -0.000737
      11.141770      -0.000415      -0.000687
      11.171799      -0.000154      -0.000467
      11.201828      -0.000094      -0.000163
      11.231857      -0.000215       0.000034
      11.261886      -0.000341       0.000099
      11.291915      -0.000457       0.000120
      11.321944      -0.000564       0.000058
      11.351973      -0.000567      -0.000044
      11.382002      -0.000509      -0.000061
      11.412031      -0.000525      -0.000026
      11.442060      -0.000580      -0.000081
      11.472089      -0.000514      -0.000184
      11.502118      -0.000371      -0.000151
      11.532147      -0.000339      -0.000010
      11.562176      -0.000412       0.000075
      11.592205      -0.000470       0.000102
      11.622234      -0.000528       0.000159
      11.652263      -0.000658       0.000194
      11.682292      -0.000791       0.000162
      11.712321      -0.000933       0.000119
      11.742350      -0.001133      -0.000010
      11.772379      -0.001264      -0.000303
      11.802408      -0.001205      -0.000629
      11.832437      -0.001040      -0.000870
      11.862466      -0.000828      -0.001049
      11.892495      -0.000575      -0.001156
      11.922525      -0.000320      -0.001209
      11.952554       0.000007      -0.001229
      11.982583       0.000407      -0.001047
      12.012612       0.000639      -0.000641
      12.042641       0.000625      -0.000204
      12.072670       0.000393       0.000143
      12.102699       0.000038       0.000259
      12.132728      -0.000215       0.000137
      12.162757      -0.000255      -0.000016
      12.192786      -0.000208      -0.000044
      12.222815      -0.000203       0.000014
      12.252844      -0.000256       0.000108
      12.282873      -0.000416       0.000219
      12.312902      -0.000727       0.000215
      12.342931      -0.001031      -0.000055
      12.372960      -0.001072      -0.000485
      12.402989      -0.000865      -0.000785
      12.433018      -0.000637      -0.000895
      12.463047      -0.000468      -0.000936
      12.493076      -0.000312      -0.000945
      12.523105      -0.000195      -0.000899
      12.553134      -0.000159      -0.000859
      12.583163      -0.000142      -0.000900
      12.613192      -0.000047      -0.000980
      12.643221       0.000115      -0.001005
      12.673250       0.000276      -0.000948
      12.703279       0.000380      -0.000825
      12.733308       0.000373      -0.000714
      12.763337       0.000337      -0.000734
      12.793366       0.000445      -0.000831
      12.823395       0.000707      -0.000796
      12.853424       0.000912      -0.000531
      12.883453       0.000892      -0.000201
      12.913482       0.000723       0.000024
      12.943512       0.000506       0.000130
      12.973541       0.000291       0.000125
      13.003570       0.000126       0.000033
      13.033599       0.000022      -0.000099
      13.063628      -0.000033      -0.000286
      13.093657       0.000051      -0.000513
      13.123686       0.000281      -0.000628
      13.153715       0.000499      -0.000567
      13.183744       0.000605      -0.000446
      13.213773       0.000663      -0.000357
      13.243802       0.000732      -0.000256
      13.273831       0.000769      -0.000099
      13.303860       0.000705       0.000073
      13.333889       0.000565       0.000164
      13.363918       0.000426       0.000185
      13.393947       0.000268       0.000146
      13.423976       0.000144      -0.000026
      13.454005       0.000195      -0.000262
      13.484034       0.000397      -0.000387
      13.514063       0.000599      -0.000362
      13.544092       0.000730      -0.000283
      13.574121       0.000847      -0.000194
      13.604150       0.000940      -0.000053
      13.634179       0.000982       0.000095
      13.664208       0.001015       0.000272
      13.694237       0.000943       0.000509
      13.724266       0.000711       0.000653
      13.754295       0.000476       0.000580
      13.784324       0.000436       0.000390
      13.814353       0.000583       0.000312
      13.844382       0.000715       0.000420
      13.874411       0.000737       0.000593
      13.904440       0.000662       0.000772
      13.934469       0.000486       0.000883
      13.964498       0.000316       0.000872
      13.994528       0.000231       0.000836
      14.024557       0.000149       0.000856
      14.054586      -0.000009       0.000854
      14.084615      -0.000188       0.000748
      14.114644      -0.000299       0.000522
      14.144673      -0.000232       0.000245
      14.174702       0.000023       0.000098
      14.204731       0.000261       0.000203
      14.234760       0.000278       0.000365
      14.264789       0.000248       0.000378
      14.294818       0.000326       0.000394
      14.324847       0.000385       0.000509
      14.354876       0.000362       0.000632
      14.384905       0.000311       0.000721
      14.414934       0.000257       0.000811
      14.444963       0.000151       0.000913
      14.474992      -0.000020       0.000956
      14.505021      -0.000189       0.000906
      14.535050      -0.000308       0.000787
      14.565079      -0.000337       0.000637
      14.595108      -0.000273       0.000527
      14.625137      -0.000177       0.000511
      14.655166      -0.000123       0.000577
      14.685195      -0.000156       0.000665
      14.715224      -0.000252       0.000701
      14.745253      -0.000344       0.000670
      14.775282      -0.000394       0.000616
      14.805311      -0.000430       0.000573
      14.835340      -0.000464       0.000523
      14.865369      -0.000486       0.000466
      14.895398      -0.000494       0.000404
      14.925427      -0.000483       0.000347
      14.955456      -0.000467       0.000300
      14.985485      -0.000431       0.000250
      15.015515      -0.000370       0.000238
      15.045544      -0.000347       0.000272
      15.075573      -0.000367       0.000276
      15.105602      -0.000353       0.000253
      15.135631      -0.000327       0.000279
      15.165660      -0.000354       0.000325
      15.195689      -0.000425       0.000342
      15.225718      -0.000523       0.000307
      15.255747      -0.000607       0.000186
      15.285776      -0.000584       0.000003
      15.315805      -0.000432      -0.000111
      15.345834      -0.000286      -0.000085
      15.375863      -0.000232      -0.000023
      15.405892      -0.000218       0.000006
      15.435921      -0.000205       0.000001
      15.465950      -0.000151      -0.000021
      15.495979      -0.000051       0.000006
      15.526008       0.000020       0.000116
      15.556037       0.000003       0.000250
      15.586066      -0.000090       0.000343
      15.616095      -0.000210       0.000357
      15.646124      -0.000297       0.000298
      15.676153      -0.000316       0.000218
      15.706182      -0.000283       0.000163
      15.736211      -0.000235       0.000162
      15.766240      -0.000230       0.000197
      15.796269      -0.000270       0.000184
      15.826298      -0.000237       0.000116
      15.856327      -0.000119       0.000142
      15.886356      -0.000079       0.000302
      15.916385      -0.000207       0.000452
      15.946414      -0.000424       0.000453
      15.976443      -0.000569       0.000290
      16.006472      -0.000544       0.000106
      16.036502      -0.000441       0.000044
      16.066531      -0.000413       0.000058
      16.096560      -0.000435       0.000008
      16.126589      -0.000381      -0.000082
      16.156618      -0.000279      -0.000106
      16.186647      -0.000197      -0.000090
      16.216676      -0.000110      -0.000044
      16.246705      -0.000066       0.000064
      16.276734      -0.000109       0.000162
      16.306763      -0.000183       0.000195
      16.336792      -0.000241       0.000180
      16.366821      -0.000262       0.000144
      16.396850      -0.000252       0.000122
      16.426879      -0.000232       0.000125
      16.456908      -0.000226       0.000156
      16.486937      -0.000253       0.000193
      16.516966      -0.000312       0.000212
      16.546995      -0.000391       0.000188
      16.577024      -0.000447       0.000107
      16.607053      -0.000447       0.000015
      16.637082      -0.000419      -0.000078
      16.667111      -0.000323      -0.000169
      16.697140      -0.000167      -0.000169
      16.727169      -0.000067      -0.000049
      16.757198      -0.000106       0.000075
      16.787227      -0.000203       0.000079
      16.817256      -0.000220      -0.000010
      16.847285      -0.000118      -0.000085
      16.877314       0.000065      -0.000041
      16.907343       0.000192       0.000181
      16.937372       0.000111       0.000470
      16.967401      -0.000145       0.000631
      16.997430      -0.000411       0.000607
      17.027459      -0.000585       0.000494
      17.057488      -0.000710       0.000374
      17.087518      -0.000819       0.000205
      17.117547      -0.000836      -0.000017
      17.147576      -0.000761      -0.000196
      17.177605      -0.000663      -0.000336
      17.207634      -0.000507      -0.000465
      17.237663      -0.000280      -0.000500
      17.267692      -0.000089      -0.000406
      17.297721       0.000004      -0.000265
      17.327750       0.000033      -0.000148
      17.357779       0.000060      -0.000034
      17.387808       0.000024       0.000136
      17.417837      -0.000153       0.000243
      17.447866      -0.000331       0.000185
      17.477895      -0.000410       0.000062
      17.507924      -0.000421      -0.000077
      17.537953      -0.000331      -0.000211
      17.567982      -0.000161      -0.000243
      17.598011      -0.000016      -0.000139
      17.628040      -0.000002       0.000040
      17.658069      -0.000125       0.000145
      17.688098      -0.000248       0.000121
      17.718127      -0.000298       0.000046
      17.748156      -0.000297      -0.000017
      17.778185      -0.000277      -0.000065
      17.808214      -0.000229      -0.000102
      17.838243      -0.000168      -0.000091
      17.868272      -0.000147      -0.000046
      17.898301      -0.000174      -0.000026
      17.928330      -0.000193      -0.000063
      17.958359      -0.000144      -0.000124
      17.988388      -0.000027      -0.000120
      18.018417       0.000064      -0.000016
      18.048446       0.000065       0.000116
      18.078475       0.000014       0.000215
      18.108505      -0.000063       0.000290
      18.138534      -0.000169       0.000325
      18.168563      -0.000263       0.000299
      18.198592      -0.000301       0.000252
      18.228621      -0.000303       0.000249
      18.258650      -0.000344       0.000294
      18.288679      -0.000461       0.000316
      18.318708      -0.000605       0.000241
      18.348737      -0.000675       0.000076
      18.378766      -0.000632      -0.000081
      18.408795      -0.000541      -0.000164
      18.438824      -0.000455      -0.000196
      18.468853      -0.000383      -0.000198
      18.498882      -0.000326      -0.000183
      18.528911      -0.000282      -0.000152
      18.558940      -0.000260      -0.000112
      18.588969      -0.000249      -0.000076
      18.618998      -0.000243      -0.000028
      18.649027      -0.000269       0.000043
      18.679056      -0.000362       0.000106
      18.709085      -0.000509       0.000084
      18.739114      -0.000614      -0.000046
      18.769143      -0.000616      -0.000209
      18.799172      -0.000537      -0.000334
      18.829201      -0.000424      -0.000396
      18.859230      -0.000317      -0.000404
      18.889259      -0.000222      -0.000377
      18.919288      -0.000157      -0.000311
      18.949317      -0.000145      -0.000243
      18.979346      -0.000158      -0.000206
      19.009375      -0.000167      -0.000198
      19.039404      -0.000143      -0.000197
      19.069433      -0.000104      -0.000155
      19.099462      -0.000104      -0.000083
      19.129491      -0.000145      -0.000025
      19.159521      -0.000193       0.000005
      19.189550      -0.000243       0.000034
      19.219579      -0.000329       0.000054
      19.249608      -0.000432       0.000012
      19.279637      -0.000487      -0.000084
      19.309666      -0.000482      -0.000176
      19.339695      -0.000445      -0.000238
      19.369724      -0.000398      -0.000262
      19.399753      -0.000375      -0.000250
      19.429782      -0.000396      -0.000247
      19.459811      -0.000424      -0.000287
      19.489840      -0.000413      -0.000345
      19.519869      -0.000386      -0.000375
      19.549898      -0.000384      -0.000402
      19.579927      -0.000377      -0.000463
      19.609956      -0.000325      -0.000536
      19.639985      -0.000234      -0.000575
      19.670014      -0.000144      -0.000567
      19.700043      -0.000082      -0.000539
      19.730072      -0.000030      -0.000511
      19.760101       0.000015      -0.000468
      19.790130       0.000031      -0.000426
      19.820159       0.000053      -0.000408
      19.850188       0.000096      -0.000370
      19.880217       0.000112      -0.000297
      19.910246       0.000075      -0.000238
      19.940275       0.000024      -0.000242
      19.970304       0.000042      -0.000289
      20.000333       0.000136      -0.000271
      20.030362       0.000194      -0.000142
      20.060391       0.000126       0.000015
      20.090420      -0.000046       0.000082
      20.120449      -0.000209       0.000005
      20.150478      -0.000256      -0.000143
      20.180508      -0.000197      -0.000254
      20.210537      -0.000090      -0.000290
      20.240566       0.000011      -0.000237
      20.270595       0.000052      -0.000120
      20.300624       0.000007       0.000009
      20.330653      -0.000107       0.000100
      20.360682      -0.000256       0.000135
      20.390711      -0.000417       0.000116
      20.420740      -0.000588       0.000053
      20.450769      -0.000784      -0.000092
      20.480798      -0.000922      -0.000379
      20.510827      -0.000890      -0.000726
      20.540856      -0.000717      -0.001021
      20.570885      -0.000431      -0.001235
      20.600914      -0.000080      -0.001288
      20.630943       0.000212      -0.001188
      20.660972       0.000395      -0.001022
      20.691001       0.000484      -0.000860
      20.721030       0.000527      -0.000741
      20.751059       0.000571      -0.000646
      20.781088       0.000616      -0.000543
      20.811117       0.000641      -0.000422
      20.841146       0.000628      -0.000297
      20.871175       0.000580      -0.000193
      20.901204       0.000515      -0.000114
      20.931233       0.000429      -0.000062
      20.961262       0.000336      -0.000066
      20.991291       0.000292      -0.000117
      21.021320       0.000307      -0.000155
      21.051349       0.000339      -0.000152
      21.081378       0.000356      -0.000128
      21.111407       0.000368      -0.000103
      21.141436       0.000388      -0.000066
      21.171465       0.000395       0.000005
      21.201494       0.000349       0.000087
      21.231524       0.000257       0.000125
      21.261553       0.000173       0.000102
      21.291582       0.000136       0.000051
      21.321611       0.000133       0.000019
      21.351640       0.000131       0.000005
      21.381669       0.000129      -0.000011
      21.411698       0.000140      -0.000019
      21.441727       0.000146      -0.000006
      21.471756       0.000126       0.000009
      21.501785       0.000096      -0.000001
      21.531814       0.000082      -0.000033
      21.561843       0.000097      -0.000066
      21.591872       0.000130      -0.000075
      21.621901       0.000156      -0.000059
      21.651930       0.000162      -0.000035
      21.681959       0.000155      -0.000020
      21.711988       0.000149      -0.000013
      21.742017       0.000145      -0.000006
      21.772046       0.000144      -0.000001
      21.802075       0.000144       0.000012
      21.832104       0.000129       0.000029
      21.862133       0.000105       0.000029
      21.892162       0.000096       0.000015
      21.922191       0.000101       0.000012
      21.952220       0.000098       0.000022
      21.982249       0.000083       0.000027
      22.012278       0.000068       0.000020
      22.042307       0.000057       0.000010
      22.072336       0.000051      -0.000005
      22.102365       0.000056      -0.000023
      22.132394       0.000072      -0.000031
      22.162423       0.000085      -0.000024
      22.192452       0.000084      -0.000012
      22.222481       0.000074      -0.000011
      22.252511       0.000070      -0.000020
      22.282540       0.000075      -0.000026
      22.312569       0.000076      -0.000031
      22.342598       0.000082      -0.000042
      22.372627       0.000101      -0.000051
      22.402656       0.000130      -0.000046
      22.432685       0.000156      -0.000021
      22.462714       0.000163       0.000020
      22.492743       0.000144       0.000059
      22.522772       0.000108       0.000078
      22.552801       0.000074       0.000076
      22.582830       0.000050       0.000061
      22.612859       0.000039       0.000043
      22.642888       0.000037       0.000026
      22.672917       0.000042       0.000013
      22.702946       0.000048       0.000008
      22.732975       0.000053       0.000006
      22.763004       0.000056       0.000004
      22.793033       0.000060      -0.000000
      22.823062       0.000071      -0.000002
      22.853091       0.000083       0.000011
      22.883120       0.000079       0.000029
      22.913149       0.000066       0.000036
      22.943178       0.000055       0.000033
      22.973207       0.000051       0.000030
      23.003236       0.000048       0.000030
      23.033265       0.000041       0.000030
      23.063294       0.000032       0.000025
      23.093323       0.000027       0.000014
      23.123352       0.000030       0.000001
      23.153381       0.000039      -0.000007
      23.183410       0.000047      -0.000008
      23.213439       0.000052      -0.000010
      23.243468       0.000059      -0.000012
      23.273497       0.000069      -0.000010
      23.303527       0.000077      -0.000004
      23.333556       0.000081       0.000004
      23.363585       0.000081       0.000012
      23.393614       0.000079       0.000015
      23.423643       0.000079       0.000017
      23.453672       0.000082       0.000018
      23.483701       0.000087       0.000021
      23.513730       0.000091       0.000026
      23.543759       0.000095       0.000034
      23.573788       0.000097       0.000043
      23.603817       0.000097       0.000053
      23.633846       0.000095       0.000063
      23.663875       0.000091       0.000072
      23.693904       0.000088       0.000081
      23.723933       0.000083       0.000093
      23.753962       0.000073       0.000105
      23.783991       0.000056       0.000114
      23.814020       0.000037       0.000115
      23.844049       0.000023       0.000108
      23.874078       0.000015       0.000101
      23.904107       0.000010       0.000096
      23.934136       0.000003       0.000092
      23.964165      -0.000002       0.000086
      23.994194      -0.000005       0.000079
      24.024223      -0.000005       0.000073
      24.054252      -0.000003       0.000070
      24.084281      -0.000002       0.000070
      24.114310      -0.000005       0.000072
      24.144339      -0.000009       0.000070
      24.174368      -0.000010       0.000066
      24.204397      -0.000008       0.000064
      24.234426      -0.000008       0.000067
      24.264455      -0.000013       0.000070
      24.294484      -0.000020       0.000070
      24.324514      -0.000026       0.000066
      24.354543      -0.000030       0.000061
      24.384572      -0.000032       0.000056
      24.414601      -0.000033       0.000051
      24.444630      -0.000032       0.000047
      24.474659      -0.000031       0.000044
      24.504688      -0.000030       0.000042
      24.534717      -0.000030       0.000041
      24.564746      -0.000031       0.000039
      24.594775      -0.000032       0.000036
      24.624804      -0.000029       0.000033
      24.654833      -0.000027       0.000033
      24.684862      -0.000027       0.000035
      24.714891      -0.000030       0.000036
      24.744920      -0.000034       0.000036
      24.774949      -0.000039       0.000031
      24.804978      -0.000040       0.000023
      24.835007      -0.000036       0.000016
      24.865036      -0.000029       0.000014
      24.895065      -0.000024       0.000015
      24.925094      -0.000022       0.000018
      24.955123      -0.000023       0.000020
      24.985152      -0.000023       0.000021
      25.015181      -0.000025       0.000021
      25.045210      -0.000027       0.000020
      25.075239      -0.000027       0.000018
      25.105268      -0.000026       0.000015
      25.135297      -0.000024       0.000015
      25.165326      -0.000023       0.000014
      25.195355      -0.000022       0.000014
      25.225384      -0.000021       0.000015
      25.255413      -0.000021       0.000016
      25.285442      -0.000021       0.000016
      25.315471      -0.000022       0.000016
      25.345501      -0.000023       0.000016
      25.375530      -0.000023       0.000015
      25.405559      -0.000023       0.000014
      25.435588      -0.000022       0.000013
      25.465617      -0.000022       0.000013
      25.495646      -0.000022       0.000012
      25.525675      -0.000021       0.000012
      25.555704      -0.000020       0.000012
      25.585733      -0.000020       0.000013
      25.615762      -0.000020       0.000013
      25.645791      -0.000020       0.000013
      25.675820      -0.000019       0.000013
      25.705849      -0.000019       0.000014
      25.735878      -0.000019       0.000016
      25.765907      -0.000021       0.000017
      25.795936      -0.000024       0.000017
      25.825965      -0.000025       0.000015
      25.855994      -0.000026       0.000014
      25.886023      -0.000027       0.000012
      25.916052      -0.000027       0.000011
      25.946081      -0.000027       0.000009
      25.976110      -0.000025       0.000008
      26.006139      -0.000024       0.000008
      26.036168      -0.000024       0.000008
      26.066197      -0.000024       0.000008
      26.096226      -0.000024       0.000007
      26.126255      -0.000024       0.000007
      26.156284      -0.000024       0.000006
      26.186313      -0.000024       0.000005
      26.216342      -0.000023       0.000004
      26.246371      -0.000022       0.000004
      26.276400      -0.000021       0.000005
      26.306429      -0.000022       0.000005
      26.336458      -0.000022       0.000005
      26.366487      -0.000022       0.000004
      26.396517      -0.000022       0.000004
      26.426546      -0.000021       0.000004
      26.456575      -0.000021       0.000004
      26.486604      -0.000021       0.000003
      26.516633      -0.000021       0.000003
      26.546662      -0.000021       0.000003
      26.576691      -0.000020       0.000003
      26.606720      -0.000020       0.000003
      26.636749      -0.000021       0.000003
      26.666778      -0.000021       0.000002
      26.696807      -0.000021       0.000002
      26.726836      -0.000020       0.000001
      26.756865      -0.000020       0.000001
      26.786894      -0.000019       0.000001
      26.816923      -0.000018       0.000001
      26.846952      -0.000018       0.000001
      26.876981      -0.000018       0.000001
      26.907010      -0.000018       0.000001
      26.937039      -0.000018       0.000001
      26.967068      -0.000017       0.000001
      26.997097      -0.000017       0.000001
      27.027126      -0.000016       0.000001
      27.057155      -0.000016       0.000001
      27.087184      -0.000016       0.000002
      27.117213      -0.000016       0.000002
      27.147242      -0.000016       0.000002
      27.177271      -0.000015       0.000001
      27.207300      -0.000014       0.000002
      27.237329      -0.000014       0.000003
      27.267358      -0.000014       0.000004
      27.297387      -0.000015       0.000005
      27.327416      -0.000016       0.000005
      27.357445      -0.000017       0.000004
      27.387474      -0.000016       0.000003
      27.417504      -0.000016       0.000004
      27.447533      -0.000015       0.000004
      27.477562      -0.000016       0.000005
      27.507591      -0.000016       0.000005
      27.537620      -0.000017       0.000005
      27.567649      -0.000018       0.000004
      27.597678      -0.000018       0.000004
      27.627707      -0.000017       0.000003
      27.657736      -0.000017       0.000003
      27.687765      -0.000016       0.000003
      27.717794      -0.000016       0.000004
      27.747823      -0.000016       0.000005
      27.777852      -0.000017       0.000005
      27.807881      -0.000017       0.000004
      27.837910      -0.000017       0.000004
      27.867939      -0.000017       0.000004
      27.897968      -0.000016       0.000004
      27.927997      -0.000017       0.000005
      27.958026      -0.000017       0.000005
      27.988055      -0.000018       0.000005
      28.018084      -0.000018       0.000005
      28.048113      -0.000018       0.000006
      28.078142      -0.000019       0.000006
      28.108171      -0.000020       0.000005
      28.138200      -0.000021       0.000004
      28.168229      -0.000021       0.000003
      28.198258      -0.000020       0.000002
      28.228287      -0.000020       0.000002
      28.258316      -0.000019       0.000001
      28.288345      -0.000019       0.000001
      28.318374      -0.000018       0.000001
      28.348403      -0.000017       0.000002
      28.378432      -0.000017       0.000003
      28.408461      -0.000018       0.000003
      28.438490      -0.000018       0.000003
      28.468520      -0.000019       0.000003
      28.498549      -0.000020       0.000002
      28.528578      -0.000020       0.000001
      28.558607      -0.000019       0.000000
      28.588636      -0.000018       0.000000
      28.618665      -0.000017       0.000001
      28.648694      -0.000016       0.000002
      28.678723      -0.000017       0.000003
      28.708752      -0.000018       0.000003
      28.738781      -0.000018       0.000002
      28.768810      -0.000018       0.000002
      28.798839      -0.000017       0.000003
      28.828868      -0.000018       0.000003
      28.858897      -0.000018       0.000003
      28.888926      -0.000019       0.000003
      28.918955      -0.000019       0.000003
      28.948984      -0.000019       0.000002
      28.979013      -0.000020       0.000002
      29.009042      -0.000020       0.000001
      29.039071      -0.000019       0.000001
      29.069100      -0.000019       0.000001
      29.099129      -0.000018       0.000001
      29.129158      -0.000018       0.000002
      29.159187      -0.000018       0.000002
      29.189216      -0.000019       0.000002
      29.219245      -0.000019       0.000002
      29.249274      -0.000019       0.000002
      29.279303      -0.000019       0.000001
      29.309332      -0.000019       0.000001
      29.339361      -0.000019       0.000001
      29.369390      -0.000019       0.000001
      29.399419      -0.000019       0.000002
      29.429448      -0.000019       0.000002
      29.459477      -0.000020       0.000002
      29.489507      -0.000021       0.000002
      29.519536      -0.000021       0.000001
      29.549565      -0.000021      -0.000000
      29.579594      -0.000020      -0.000001
      29.609623      -0.000020      -0.000001
      29.639652      -0.000019      -0.000001
      29.669681      -0.000019      -0.000001
      29.699710      -0.000019      -0.000001
      29.729739      -0.000018      -0.000000
      29.759768      -0.000018      -0.000000
      29.789797      -0.000018       0.000000
      29.819826      -0.000018       0.000001
      29.849855      -0.000019       0.000001
      29.879884      -0.000019       0.000000
      29.909913      -0.000019       0.000000
      29.939942      -0.000019       0.000000
      29.969971      -0.000019       0.000000
      30.000000      -0.000019       0.000000
