  # energy grid [eV]     epsr     epsi
       0.001000       0.000174       0.000001
       0.031029       0.000174       0.000001
       0.061058       0.000174       0.000001
       0.091087       0.000175       0.000001
       0.121116       0.000175       0.000001
       0.151145       0.000175       0.000002
       0.181174       0.000175       0.000002
       0.211203       0.000175       0.000002
       0.241232       0.000175       0.000002
       0.271261       0.000176       0.000002
       0.301290       0.000176       0.000002
       0.331319       0.000176       0.000002
       0.361348       0.000177       0.000002
       0.391377       0.000177       0.000003
       0.421406       0.000178       0.000003
       0.451435       0.000178       0.000003
       0.481464       0.000179       0.000003
       0.511493       0.000180       0.000003
       0.541523       0.000180       0.000003
       0.571552       0.000181       0.000003
       0.601581       0.000182       0.000003
       0.631610       0.000182       0.000004
       0.661639       0.000183       0.000004
       0.691668       0.000184       0.000004
       0.721697       0.000185       0.000004
       0.751726       0.000186       0.000004
       0.781755       0.000187       0.000004
       0.811784       0.000188       0.000004
       0.841813       0.000189       0.000005
       0.871842       0.000190       0.000005
       0.901871       0.000191       0.000005
       0.931900       0.000192       0.000005
       0.961929       0.000194       0.000005
       0.991958       0.000195       0.000005
       1.021987       0.000196       0.000006
       1.052016       0.000198       0.000006
       1.082045       0.000199       0.000006
       1.112074       0.000201       0.000006
       1.142103       0.000202       0.000006
       1.172132       0.000204       0.000007
       1.202161       0.000206       0.000007
       1.232190       0.000207       0.000007
       1.262219       0.000209       0.000007
       1.292248       0.000211       0.000008
       1.322277       0.000213       0.000008
       1.352306       0.000215       0.000008
       1.382335       0.000217       0.000008
       1.412364       0.000220       0.000009
       1.442393       0.000222       0.000009
       1.472422       0.000224       0.000009
       1.502451       0.000227       0.000009
       1.532480       0.000229       0.000010
       1.562510       0.000232       0.000010
       1.592539       0.000235       0.000010
       1.622568       0.000238       0.000011
       1.652597       0.000240       0.000011
       1.682626       0.000244       0.000011
       1.712655       0.000247       0.000012
       1.742684       0.000250       0.000012
       1.772713       0.000253       0.000013
       1.802742       0.000257       0.000013
       1.832771       0.000261       0.000013
       1.862800       0.000264       0.000014
       1.892829       0.000268       0.000014
       1.922858       0.000272       0.000015
       1.952887       0.000277       0.000015
       1.982916       0.000281       0.000016
       2.012945       0.000286       0.000017
       2.042974       0.000290       0.000017
       2.073003       0.000295       0.000018
       2.103032       0.000300       0.000019
       2.133061       0.000306       0.000019
       2.163090       0.000311       0.000020
       2.193119       0.000317       0.000021
       2.223148       0.000323       0.000022
       2.253177       0.000329       0.000023
       2.283206       0.000336       0.000024
       2.313235       0.000343       0.000025
       2.343264       0.000350       0.000026
       2.373293       0.000357       0.000027
       2.403322       0.000365       0.000028
       2.433351       0.000373       0.000029
       2.463380       0.000382       0.000030
       2.493409       0.000391       0.000032
       2.523438       0.000400       0.000033
       2.553467       0.000410       0.000035
       2.583496       0.000420       0.000037
       2.613526       0.000431       0.000039
       2.643555       0.000443       0.000041
       2.673584       0.000455       0.000043
       2.703613       0.000467       0.000045
       2.733642       0.000481       0.000047
       2.763671       0.000495       0.000050
       2.793700       0.000510       0.000053
       2.823729       0.000525       0.000056
       2.853758       0.000542       0.000059
       2.883787       0.000560       0.000063
       2.913816       0.000579       0.000067
       2.943845       0.000599       0.000072
       2.973874       0.000620       0.000077
       3.003903       0.000643       0.000082
       3.033932       0.000668       0.000088
       3.063961       0.000694       0.000095
       3.093990       0.000722       0.000102
       3.124019       0.000753       0.000111
       3.154048       0.000785       0.000120
       3.184077       0.000821       0.000131
       3.214106       0.000860       0.000143
       3.244135       0.000902       0.000157
       3.274164       0.000948       0.000173
       3.304193       0.000999       0.000193
       3.334222       0.001055       0.000216
       3.364251       0.001117       0.000243
       3.394280       0.001187       0.000277
       3.424309       0.001264       0.000320
       3.454338       0.001349       0.000376
       3.484367       0.001441       0.000453
       3.514396       0.001530       0.000555
       3.544425       0.001604       0.000686
       3.574454       0.001638       0.000835
       3.604483       0.001623       0.000958
       3.634513       0.001606       0.001008
       3.664542       0.001661       0.001010
       3.694571       0.001818       0.001009
       3.724600       0.002130       0.001081
       3.754629       0.002553       0.001413
       3.784658       0.002832       0.002096
       3.814687       0.002695       0.002954
       3.844716       0.002094       0.003625
       3.874745       0.001309       0.003767
       3.904774       0.000948       0.003459
       3.934803       0.001149       0.003454
       3.964832       0.001163       0.004100
       3.994861       0.000422       0.004771
       4.024890      -0.000650       0.004697
       4.054919      -0.001203       0.004053
       4.084948      -0.001135       0.003586
       4.114977      -0.000946       0.003622
       4.145006      -0.001044       0.003965
       4.175035      -0.001505       0.004306
       4.205064      -0.002219       0.004399
       4.235093      -0.002908       0.004215
       4.265122      -0.003589       0.003987
       4.295151      -0.004517       0.003506
       4.325180      -0.005350       0.002301
       4.355209      -0.005289       0.000652
       4.385238      -0.004399      -0.000524
       4.415267      -0.003271      -0.001097
       4.445296      -0.002037      -0.001027
       4.475325      -0.001306      -0.000215
       4.505354      -0.001476       0.000516
       4.535383      -0.001915       0.000567
       4.565412      -0.001968       0.000172
       4.595441      -0.001499      -0.000126
       4.625470      -0.000730       0.000032
       4.655499      -0.000024       0.000911
       4.685529      -0.000112       0.002433
       4.715558      -0.001417       0.003692
       4.745587      -0.003321       0.003851
       4.775616      -0.004986       0.002910
       4.805645      -0.005885       0.001226
       4.835674      -0.005703      -0.000618
       4.865703      -0.004578      -0.001911
       4.895732      -0.003111      -0.002185
       4.925761      -0.002070      -0.001564
       4.955790      -0.001805      -0.000625
       4.985819      -0.002217       0.000150
       5.015848      -0.003110       0.000458
       5.045877      -0.004086       0.000048
       5.075906      -0.004669      -0.000887
       5.105935      -0.004748      -0.002054
       5.135964      -0.004163      -0.003176
       5.165993      -0.003132      -0.003684
       5.196022      -0.002348      -0.003631
       5.226051      -0.001858      -0.003572
       5.256080      -0.001289      -0.003500
       5.286109      -0.000770      -0.003082
       5.316138      -0.000748      -0.002506
       5.346167      -0.001114      -0.002324
       5.376196      -0.001347      -0.002608
       5.406225      -0.001215      -0.003009
       5.436254      -0.000851      -0.003245
       5.466283      -0.000479      -0.003294
       5.496312      -0.000196      -0.003303
       5.526341       0.000147      -0.003402
       5.556370       0.000712      -0.003382
       5.586399       0.001301      -0.003021
       5.616428       0.001628      -0.002377
       5.646457       0.001549      -0.001707
       5.676486       0.001151      -0.001286
       5.706516       0.000682      -0.001273
       5.736545       0.000475      -0.001553
       5.766574       0.000537      -0.001814
       5.796603       0.000731      -0.002024
       5.826632       0.001119      -0.002139
       5.856661       0.001585      -0.001945
       5.886690       0.001793      -0.001512
       5.916719       0.001732      -0.001220
       5.946748       0.001757      -0.001114
       5.976777       0.001881      -0.000900
       6.006806       0.001888      -0.000617
       6.036835       0.001842      -0.000397
       6.066864       0.001811      -0.000190
       6.096893       0.001783       0.000050
       6.126922       0.001709       0.000386
       6.156951       0.001404       0.000782
       6.186980       0.000832       0.000936
       6.217009       0.000323       0.000688
       6.247038       0.000140       0.000269
       6.277067       0.000217      -0.000055
       6.307096       0.000394      -0.000240
       6.337125       0.000648      -0.000300
       6.367154       0.000903      -0.000141
       6.397183       0.000942       0.000177
       6.427212       0.000741       0.000379
       6.457241       0.000568       0.000364
       6.487270       0.000540       0.000358
       6.517299       0.000482       0.000460
       6.547328       0.000294       0.000542
       6.577357       0.000062       0.000473
       6.607386      -0.000060       0.000304
       6.637415      -0.000106       0.000167
       6.667444      -0.000157       0.000016
       6.697473      -0.000135      -0.000198
       6.727503       0.000019      -0.000385
       6.757532       0.000255      -0.000451
       6.787561       0.000459      -0.000369
       6.817590       0.000543      -0.000245
       6.847619       0.000590      -0.000169
       6.877648       0.000655      -0.000079
       6.907677       0.000687       0.000060
       6.937706       0.000627       0.000205
       6.967735       0.000501       0.000254
       6.997764       0.000437       0.000198
       7.027793       0.000499       0.000170
       7.057822       0.000550       0.000283
       7.087851       0.000450       0.000403
       7.117880       0.000312       0.000382
       7.147909       0.000282       0.000295
       7.177938       0.000323       0.000276
       7.207967       0.000313       0.000314
       7.237996       0.000251       0.000297
       7.268025       0.000248       0.000205
       7.298054       0.000339       0.000138
       7.328083       0.000470       0.000141
       7.358112       0.000607       0.000220
       7.388141       0.000713       0.000371
       7.418170       0.000769       0.000583
       7.448199       0.000735       0.000848
       7.478228       0.000572       0.001116
       7.508257       0.000282       0.001334
       7.538286      -0.000161       0.001434
       7.568315      -0.000700       0.001241
       7.598344      -0.001028       0.000677
       7.628373      -0.000888       0.000065
       7.658402      -0.000486      -0.000256
       7.688431      -0.000092      -0.000313
       7.718460       0.000211      -0.000228
       7.748489       0.000410      -0.000086
       7.778519       0.000543       0.000026
       7.808548       0.000721       0.000120
       7.838577       0.000959       0.000299
       7.868606       0.001188       0.000652
       7.898635       0.001222       0.001172
       7.928664       0.000980       0.001645
       7.958693       0.000613       0.001904
       7.988722       0.000316       0.001989
       8.018751       0.000170       0.002057
       8.048780       0.000108       0.002304
       8.078809      -0.000160       0.002814
       8.108838      -0.000920       0.003299
       8.138867      -0.002055       0.003280
       8.168896      -0.003018       0.002567
       8.198925      -0.003330       0.001637
       8.228954      -0.003373       0.001069
       8.258983      -0.003654       0.000489
       8.289012      -0.003718      -0.000542
       8.319041      -0.003097      -0.001547
       8.349070      -0.002090      -0.002026
       8.379099      -0.001079      -0.001957
       8.409128      -0.000287      -0.001427
       8.439157       0.000046      -0.000544
       8.469186      -0.000351       0.000314
       8.499215      -0.001254       0.000482
       8.529244      -0.001837      -0.000210
       8.559273      -0.001425      -0.001075
       8.589302      -0.000383      -0.000983
       8.619331      -0.000066       0.000055
       8.649360      -0.000748       0.000801
       8.679389      -0.001598       0.000843
       8.709418      -0.002266       0.000559
       8.739447      -0.002944       0.000038
       8.769476      -0.003349      -0.001088
       8.799506      -0.002806      -0.002253
       8.829535      -0.001902      -0.002651
       8.859564      -0.001324      -0.002679
       8.889593      -0.000814      -0.002811
       8.919622      -0.000042      -0.002740
       8.949651       0.000604      -0.002122
       8.979680       0.000651      -0.001251
       9.009709       0.000107      -0.000659
       9.039738      -0.000712      -0.000665
       9.069767      -0.001294      -0.001445
       9.099796      -0.000897      -0.002546
       9.129825       0.000319      -0.002822
       9.159854       0.001109      -0.002046
       9.189883       0.000921      -0.001281
       9.219912       0.000493      -0.001208
       9.249941       0.000404      -0.001433
       9.279970       0.000531      -0.001634
       9.309999       0.000839      -0.001798
       9.340028       0.001317      -0.001753
       9.370057       0.001745      -0.001429
       9.400086       0.001971      -0.000967
       9.430115       0.002049      -0.000515
       9.460144       0.002038      -0.000050
       9.490173       0.001904       0.000444
       9.520202       0.001555       0.000905
       9.550231       0.001055       0.001141
       9.580260       0.000611       0.001170
       9.610289       0.000240       0.001136
       9.640318      -0.000144       0.001050
       9.670347      -0.000549       0.000794
       9.700376      -0.000771       0.000307
       9.730405      -0.000627      -0.000178
       9.760434      -0.000294      -0.000349
       9.790463      -0.000116      -0.000308
       9.820492      -0.000040      -0.000305
       9.850522       0.000059      -0.000322
       9.880551       0.000219      -0.000308
       9.910580       0.000421      -0.000129
       9.940609       0.000421       0.000261
       9.970638       0.000048       0.000561
      10.000667      -0.000456       0.000468
      10.030696      -0.000752       0.000039
      10.060725      -0.000662      -0.000494
      10.090754      -0.000202      -0.000798
      10.120783       0.000306      -0.000682
      10.150812       0.000613      -0.000307
      10.180841       0.000695       0.000223
      10.210870       0.000380       0.000829
      10.240899      -0.000397       0.001132
      10.270928      -0.001282       0.000770
      10.300957      -0.001649      -0.000143
      10.330986      -0.001294      -0.000943
      10.361015      -0.000676      -0.001189
      10.391044      -0.000297      -0.001026
      10.421073      -0.000300      -0.000883
      10.451102      -0.000374      -0.001097
      10.481131      -0.000053      -0.001500
      10.511160       0.000688      -0.001550
      10.541189       0.001335      -0.000972
      10.571218       0.001398      -0.000073
      10.601247       0.000822       0.000577
      10.631276       0.000065       0.000573
      10.661305      -0.000300       0.000103
      10.691334      -0.000152      -0.000305
      10.721363       0.000163      -0.000337
      10.751392       0.000311      -0.000107
      10.781421       0.000217       0.000162
      10.811450      -0.000068       0.000314
      10.841479      -0.000415       0.000243
      10.871509      -0.000663      -0.000014
      10.901538      -0.000766      -0.000356
      10.931567      -0.000719      -0.000745
      10.961596      -0.000463      -0.001142
      10.991625       0.000087      -0.001381
      11.021654       0.000748      -0.001163
      11.051683       0.001079      -0.000545
      11.081712       0.000933       0.000081
      11.111741       0.000492       0.000425
      11.141770       0.000028       0.000438
      11.171799      -0.000284       0.000234
      11.201828      -0.000372      -0.000009
      11.231857      -0.000368      -0.000097
      11.261886      -0.000514      -0.000134
      11.291915      -0.000717      -0.000385
      11.321944      -0.000692      -0.000779
      11.351973      -0.000467      -0.001046
      11.382002      -0.000256      -0.001189
      11.412031      -0.000027      -0.001364
      11.442060       0.000386      -0.001475
      11.472089       0.000837      -0.001295
      11.502118       0.001073      -0.000943
      11.532147       0.001111      -0.000619
      11.562176       0.001068      -0.000418
      11.592205       0.001094      -0.000274
      11.622234       0.001138      -0.000013
      11.652263       0.000997       0.000311
      11.682292       0.000708       0.000475
      11.712321       0.000479       0.000493
      11.742350       0.000286       0.000520
      11.772379       0.000010       0.000480
      11.802408      -0.000213       0.000226
      11.832437      -0.000160      -0.000086
      11.862466       0.000056      -0.000196
      11.892495       0.000245      -0.000114
      11.922525       0.000300       0.000125
      11.952554       0.000087       0.000360
      11.982583      -0.000281       0.000345
      12.012612      -0.000540       0.000071
      12.042641      -0.000560      -0.000274
      12.072670      -0.000412      -0.000506
      12.102699      -0.000259      -0.000589
      12.132728      -0.000198      -0.000635
      12.162757      -0.000160      -0.000784
      12.192786       0.000045      -0.000993
      12.222815       0.000411      -0.001023
      12.252844       0.000688      -0.000823
      12.282873       0.000777      -0.000595
      12.312902       0.000800      -0.000464
      12.342931       0.000897      -0.000358
      12.372960       0.001005      -0.000107
      12.402989       0.000905       0.000231
      12.433018       0.000619       0.000407
      12.463047       0.000351       0.000383
      12.493076       0.000196       0.000244
      12.523105       0.000196       0.000094
      12.553134       0.000303       0.000064
      12.583163       0.000344       0.000197
      12.613192       0.000199       0.000308
      12.643221       0.000034       0.000243
      12.673250       0.000006       0.000122
      12.703279       0.000055       0.000096
      12.733308       0.000025       0.000146
      12.763337      -0.000059       0.000123
      12.793366      -0.000093       0.000075
      12.823395      -0.000139       0.000053
      12.853424      -0.000211      -0.000023
      12.883453      -0.000209      -0.000152
      12.913482      -0.000130      -0.000222
      12.943512      -0.000068      -0.000220
      12.973541      -0.000056      -0.000193
      13.003570      -0.000095      -0.000204
      13.033599      -0.000091      -0.000276
      13.063628      -0.000022      -0.000294
      13.093657      -0.000006      -0.000249
      13.123686      -0.000041      -0.000234
      13.153715      -0.000082      -0.000246
      13.183744      -0.000126      -0.000274
      13.213773      -0.000198      -0.000321
      13.243802      -0.000278      -0.000467
      13.273831      -0.000232      -0.000694
      13.303860      -0.000043      -0.000855
      13.333889       0.000190      -0.000888
      13.363918       0.000390      -0.000811
      13.393947       0.000514      -0.000660
      13.423976       0.000521      -0.000486
      13.454005       0.000414      -0.000388
      13.484034       0.000307      -0.000436
      13.514063       0.000309      -0.000532
      13.544092       0.000346      -0.000594
      13.574121       0.000403      -0.000694
      13.604150       0.000585      -0.000789
      13.634179       0.000835      -0.000721
      13.664208       0.000969      -0.000522
      13.694237       0.000981      -0.000356
      13.724266       0.000985      -0.000242
      13.754295       0.000973      -0.000105
      13.784324       0.000872       0.000003
      13.814353       0.000772      -0.000035
      13.844382       0.000854      -0.000118
      13.874411       0.001035       0.000002
      13.904440       0.001034       0.000270
      13.934469       0.000867       0.000436
      13.964498       0.000699       0.000473
      13.994528       0.000586       0.000450
      14.024557       0.000540       0.000418
      14.054586       0.000529       0.000447
      14.084615       0.000442       0.000526
      14.114644       0.000269       0.000506
      14.144673       0.000194       0.000355
      14.174702       0.000267       0.000268
      14.204731       0.000326       0.000306
      14.234760       0.000310       0.000363
      14.264789       0.000281       0.000414
      14.294818       0.000188       0.000499
      14.324847      -0.000017       0.000489
      14.354876      -0.000155       0.000299
      14.384905      -0.000113       0.000109
      14.414934      -0.000011       0.000026
      14.444963       0.000087       0.000018
      14.474992       0.000124       0.000082
      14.505021       0.000062       0.000100
      14.535050       0.000035       0.000030
      14.565079       0.000063      -0.000008
      14.595108       0.000045      -0.000035
      14.625137       0.000035      -0.000154
      14.655166       0.000173      -0.000310
      14.685195       0.000443      -0.000305
      14.715224       0.000625      -0.000094
      14.745253       0.000608       0.000143
      14.775282       0.000495       0.000258
      14.805311       0.000433       0.000293
      14.835340       0.000406       0.000368
      14.865369       0.000317       0.000479
      14.895398       0.000143       0.000552
      14.925427      -0.000086       0.000518
      14.955456      -0.000277       0.000333
      14.985485      -0.000302       0.000063
      15.015515      -0.000171      -0.000115
      15.045544      -0.000045      -0.000164
      15.075573       0.000026      -0.000198
      15.105602       0.000112      -0.000258
      15.135631       0.000250      -0.000289
      15.165660       0.000399      -0.000261
      15.195689       0.000550      -0.000188
      15.225718       0.000707      -0.000026
      15.255747       0.000762       0.000261
      15.285776       0.000611       0.000536
      15.315805       0.000358       0.000647
      15.345834       0.000139       0.000623
      15.375863      -0.000002       0.000535
      15.405892      -0.000071       0.000454
      15.435921      -0.000133       0.000411
      15.465950      -0.000236       0.000362
      15.495979      -0.000365       0.000236
      15.526008      -0.000421      -0.000014
      15.556037      -0.000274      -0.000278
      15.586066       0.000008      -0.000358
      15.616095       0.000221      -0.000245
      15.646124       0.000283      -0.000085
      15.676153       0.000258       0.000020
      15.706182       0.000217       0.000079
      15.736211       0.000165       0.000106
      15.766240       0.000125       0.000091
      15.796269       0.000132       0.000074
      15.826298       0.000141       0.000113
      15.856327       0.000080       0.000161
      15.886356      -0.000025       0.000141
      15.916385      -0.000105       0.000039
      15.946414      -0.000107      -0.000107
      15.976443      -0.000022      -0.000236
      16.006472       0.000120      -0.000306
      16.036502       0.000282      -0.000301
      16.066531       0.000432      -0.000208
      16.096560       0.000493      -0.000032
      16.126589       0.000410       0.000111
      16.156618       0.000292       0.000110
      16.186647       0.000282       0.000039
      16.216676       0.000337       0.000032
      16.246705       0.000361       0.000054
      16.276734       0.000403       0.000047
      16.306763       0.000517       0.000090
      16.336792       0.000601       0.000268
      16.366821       0.000528       0.000489
      16.396850       0.000341       0.000613
      16.426879       0.000146       0.000621
      16.456908      -0.000012       0.000558
      16.486937      -0.000114       0.000443
      16.516966      -0.000144       0.000318
      16.546995      -0.000118       0.000219
      16.577024      -0.000054       0.000175
      16.607053      -0.000025       0.000202
      16.637082      -0.000068       0.000204
      16.667111      -0.000085       0.000152
      16.697140      -0.000074       0.000123
      16.727169      -0.000090       0.000086
      16.757198      -0.000062       0.000001
      16.787227       0.000053      -0.000028
      16.817256       0.000129       0.000060
      16.847285       0.000092       0.000145
      16.877314       0.000030       0.000148
      16.907343       0.000006       0.000123
      16.937372      -0.000006       0.000104
      16.967401      -0.000009       0.000075
      16.997430       0.000016       0.000056
      17.027459       0.000038       0.000066
      17.057488       0.000043       0.000092
      17.087518       0.000018       0.000129
      17.117547      -0.000059       0.000140
      17.147576      -0.000141       0.000070
      17.177605      -0.000148      -0.000042
      17.207634      -0.000098      -0.000118
      17.237663      -0.000055      -0.000151
      17.267692      -0.000037      -0.000193
      17.297721      -0.000009      -0.000273
      17.327750       0.000078      -0.000381
      17.357779       0.000258      -0.000462
      17.387808       0.000507      -0.000428
      17.417837       0.000715      -0.000238
      17.447866       0.000780       0.000027
      17.477895       0.000713       0.000264
      17.507924       0.000561       0.000422
      17.537953       0.000383       0.000477
      17.567982       0.000230       0.000453
      17.598011       0.000125       0.000358
      17.628040       0.000126       0.000243
      17.658069       0.000187       0.000202
      17.688098       0.000234       0.000211
      17.718127       0.000272       0.000246
      17.748156       0.000277       0.000313
      17.778185       0.000228       0.000358
      17.808214       0.000192       0.000354
      17.838243       0.000190       0.000358
      17.868272       0.000183       0.000389
      17.898301       0.000154       0.000424
      17.928330       0.000110       0.000448
      17.958359       0.000056       0.000459
      17.988388      -0.000005       0.000445
      18.018417      -0.000046       0.000405
      18.048446      -0.000061       0.000360
      18.078475      -0.000047       0.000314
      18.108505       0.000012       0.000301
      18.138534       0.000057       0.000366
      18.168563       0.000023       0.000454
      18.198592      -0.000062       0.000494
      18.228621      -0.000144       0.000482
      18.258650      -0.000190       0.000439
      18.288679      -0.000193       0.000418
      18.318708      -0.000207       0.000450
      18.348737      -0.000287       0.000493
      18.378766      -0.000414       0.000477
      18.408795      -0.000527       0.000396
      18.438824      -0.000606       0.000275
      18.468853      -0.000633       0.000125
      18.498882      -0.000594      -0.000014
      18.528911      -0.000522      -0.000106
      18.558940      -0.000459      -0.000165
      18.588969      -0.000391      -0.000225
      18.618998      -0.000291      -0.000257
      18.649027      -0.000205      -0.000226
      18.679056      -0.000188      -0.000175
      18.709085      -0.000211      -0.000180
      18.739114      -0.000196      -0.000230
      18.769143      -0.000137      -0.000263
      18.799172      -0.000065      -0.000254
      18.829201      -0.000024      -0.000203
      18.859230      -0.000044      -0.000165
      18.889259      -0.000073      -0.000193
      18.919288      -0.000034      -0.000255
      18.949317       0.000067      -0.000260
      18.979346       0.000143      -0.000174
      19.009375       0.000118      -0.000062
      19.039404       0.000017      -0.000025
      19.069433      -0.000065      -0.000089
      19.099462      -0.000058      -0.000197
      19.129491       0.000031      -0.000261
      19.159521       0.000131      -0.000246
      19.189550       0.000194      -0.000187
      19.219579       0.000218      -0.000106
      19.249608       0.000176      -0.000027
      19.279637       0.000097      -0.000024
      19.309666       0.000074      -0.000082
      19.339695       0.000121      -0.000111
      19.369724       0.000156      -0.000064
      19.399753       0.000113      -0.000012
      19.429782       0.000039      -0.000027
      19.459811      -0.000000      -0.000093
      19.489840      -0.000001      -0.000167
      19.519869       0.000027      -0.000245
      19.549898       0.000097      -0.000307
      19.579927       0.000169      -0.000326
      19.609956       0.000218      -0.000353
      19.639985       0.000303      -0.000401
      19.670014       0.000430      -0.000412
      19.700043       0.000552      -0.000388
      19.730072       0.000700      -0.000348
      19.760101       0.000879      -0.000221
      19.790130       0.000976       0.000024
      19.820159       0.000915       0.000266
      19.850188       0.000779       0.000396
      19.880217       0.000669       0.000438
      19.910246       0.000607       0.000451
      19.940275       0.000581       0.000474
      19.970304       0.000551       0.000525
      20.000333       0.000481       0.000560
      20.030362       0.000435       0.000524
      20.060391       0.000492       0.000493
      20.090420       0.000590       0.000570
      20.120449       0.000625       0.000728
      20.150478       0.000596       0.000901
      20.180508       0.000511       0.001091
      20.210537       0.000329       0.001267
      20.240566       0.000084       0.001344
      20.270595      -0.000117       0.001333
      20.300624      -0.000268       0.001339
      20.330653      -0.000460       0.001386
      20.360682      -0.000753       0.001396
      20.390711      -0.001097       0.001265
      20.420740      -0.001377       0.001003
      20.450769      -0.001579       0.000675
      20.480798      -0.001706       0.000260
      20.510827      -0.001658      -0.000223
      20.540856      -0.001410      -0.000646
      20.570885      -0.001022      -0.000909
      20.600914      -0.000631      -0.000957
      20.630943      -0.000350      -0.000915
      20.660972      -0.000087      -0.000856
      20.691001       0.000155      -0.000690
      20.721030       0.000266      -0.000456
      20.751059       0.000258      -0.000267
      20.781088       0.000208      -0.000158
      20.811117       0.000166      -0.000105
      20.841146       0.000154      -0.000079
      20.871175       0.000165      -0.000038
      20.901204       0.000157       0.000020
      20.931233       0.000136       0.000061
      20.961262       0.000121       0.000099
      20.991291       0.000093       0.000146
      21.021320       0.000048       0.000179
      21.051349      -0.000002       0.000196
      21.081378      -0.000058       0.000200
      21.111407      -0.000112       0.000175
      21.141436      -0.000142       0.000134
      21.171465      -0.000153       0.000094
      21.201494      -0.000146       0.000054
      21.231524      -0.000120       0.000032
      21.261553      -0.000101       0.000038
      21.291582      -0.000105       0.000044
      21.321611      -0.000114       0.000032
      21.351640      -0.000112       0.000012
      21.381669      -0.000096      -0.000008
      21.411698      -0.000068      -0.000015
      21.441727      -0.000040      -0.000006
      21.471756      -0.000020       0.000019
      21.501785      -0.000022       0.000051
      21.531814      -0.000037       0.000069
      21.561843      -0.000049       0.000081
      21.591872      -0.000070       0.000100
      21.621901      -0.000114       0.000107
      21.651930      -0.000163       0.000078
      21.681959      -0.000180       0.000017
      21.711988      -0.000155      -0.000033
      21.742017      -0.000118      -0.000056
      21.772046      -0.000086      -0.000061
      21.802075      -0.000057      -0.000056
      21.832104      -0.000036      -0.000040
      21.862133      -0.000031      -0.000021
      21.892162      -0.000035      -0.000011
      21.922191      -0.000042      -0.000009
      21.952220      -0.000045      -0.000018
      21.982249      -0.000036      -0.000034
      22.012278      -0.000006      -0.000044
      22.042307       0.000035      -0.000022
      22.072336       0.000047       0.000032
      22.102365       0.000015       0.000077
      22.132394      -0.000033       0.000083
      22.162423      -0.000062       0.000061
      22.192452      -0.000067       0.000040
      22.222481      -0.000070       0.000029
      22.252511      -0.000076       0.000017
      22.282540      -0.000082      -0.000004
      22.312569      -0.000073      -0.000037
      22.342598      -0.000040      -0.000066
      22.372627       0.000014      -0.000071
      22.402656       0.000067      -0.000039
      22.432685       0.000088       0.000025
      22.462714       0.000063       0.000082
      22.492743       0.000019       0.000107
      22.522772      -0.000021       0.000106
      22.552801      -0.000048       0.000089
      22.582830      -0.000057       0.000067
      22.612859      -0.000055       0.000055
      22.642888      -0.000054       0.000047
      22.672917      -0.000048       0.000041
      22.702946      -0.000040       0.000044
      22.732975      -0.000040       0.000055
      22.763004      -0.000054       0.000065
      22.793033      -0.000075       0.000062
      22.823062      -0.000093       0.000043
      22.853091      -0.000094       0.000014
      22.883120      -0.000076      -0.000008
      22.913149      -0.000054      -0.000014
      22.943178      -0.000035      -0.000008
      22.973207      -0.000027       0.000003
      23.003236      -0.000022       0.000011
      23.033265      -0.000018       0.000019
      23.063294      -0.000019       0.000030
      23.093323      -0.000022       0.000038
      23.123352      -0.000024       0.000048
      23.153381      -0.000036       0.000062
      23.183410      -0.000061       0.000065
      23.213439      -0.000082       0.000049
      23.243468      -0.000085       0.000025
      23.273497      -0.000074       0.000010
      23.303527      -0.000064       0.000007
      23.333556      -0.000060       0.000008
      23.363585      -0.000058       0.000004
      23.393614      -0.000051       0.000002
      23.423643      -0.000047       0.000006
      23.453672      -0.000046       0.000009
      23.483701      -0.000047       0.000011
      23.513730      -0.000049       0.000011
      23.543759      -0.000050       0.000010
      23.573788      -0.000050       0.000009
      23.603817      -0.000051       0.000008
      23.633846      -0.000050       0.000007
      23.663875      -0.000051       0.000007
      23.693904      -0.000052       0.000006
      23.723933      -0.000053       0.000003
      23.753962      -0.000053      -0.000001
      23.783991      -0.000050      -0.000004
      23.814020      -0.000047      -0.000006
      23.844049      -0.000045      -0.000006
      23.874078      -0.000044      -0.000006
      23.904107      -0.000043      -0.000007
      23.934136      -0.000042      -0.000008
      23.964165      -0.000040      -0.000008
      23.994194      -0.000039      -0.000010
      24.024223      -0.000036      -0.000011
      24.054252      -0.000033      -0.000010
      24.084281      -0.000030      -0.000008
      24.114310      -0.000030      -0.000004
      24.144339      -0.000033      -0.000002
      24.174368      -0.000036      -0.000004
      24.204397      -0.000036      -0.000009
      24.234426      -0.000032      -0.000011
      24.264455      -0.000029      -0.000011
      24.294484      -0.000027      -0.000009
      24.324514      -0.000027      -0.000009
      24.354543      -0.000026      -0.000009
      24.384572      -0.000023      -0.000008
      24.414601      -0.000022      -0.000006
      24.444630      -0.000022      -0.000004
      24.474659      -0.000024      -0.000003
      24.504688      -0.000025      -0.000005
      24.534717      -0.000024      -0.000006
      24.564746      -0.000021      -0.000006
      24.594775      -0.000020      -0.000004
      24.624804      -0.000020      -0.000003
      24.654833      -0.000020      -0.000002
      24.684862      -0.000021      -0.000002
      24.714891      -0.000020      -0.000001
      24.744920      -0.000021       0.000000
      24.774949      -0.000022       0.000000
      24.804978      -0.000023      -0.000000
      24.835007      -0.000023      -0.000002
      24.865036      -0.000022      -0.000003
      24.895065      -0.000021      -0.000002
      24.925094      -0.000021      -0.000001
      24.955123      -0.000022      -0.000001
      24.985152      -0.000022      -0.000003
      25.015181      -0.000020      -0.000004
      25.045210      -0.000017      -0.000004
      25.075239      -0.000015      -0.000001
      25.105268      -0.000015       0.000004
      25.135297      -0.000017       0.000007
      25.165326      -0.000020       0.000008
      25.195355      -0.000024       0.000009
      25.225384      -0.000027       0.000007
      25.255413      -0.000030       0.000005
      25.285442      -0.000032       0.000002
      25.315471      -0.000033      -0.000001
      25.345501      -0.000032      -0.000006
      25.375530      -0.000030      -0.000009
      25.405559      -0.000027      -0.000010
      25.435588      -0.000024      -0.000011
      25.465617      -0.000021      -0.000010
      25.495646      -0.000020      -0.000008
      25.525675      -0.000020      -0.000007
      25.555704      -0.000020      -0.000006
      25.585733      -0.000021      -0.000007
      25.615762      -0.000021      -0.000006
      25.645791      -0.000021      -0.000006
      25.675820      -0.000022      -0.000008
      25.705849      -0.000022      -0.000010
      25.735878      -0.000020      -0.000011
      25.765907      -0.000018      -0.000010
      25.795936      -0.000018      -0.000009
      25.825965      -0.000019      -0.000009
      25.855994      -0.000019      -0.000011
      25.886023      -0.000018      -0.000013
      25.916052      -0.000015      -0.000013
      25.946081      -0.000014      -0.000012
      25.976110      -0.000013      -0.000012
      26.006139      -0.000013      -0.000012
      26.036168      -0.000013      -0.000012
      26.066197      -0.000012      -0.000013
      26.096226      -0.000010      -0.000012
      26.126255      -0.000009      -0.000012
      26.156284      -0.000008      -0.000012
      26.186313      -0.000006      -0.000011
      26.216342      -0.000006      -0.000010
      26.246371      -0.000005      -0.000008
      26.276400      -0.000005      -0.000008
      26.306429      -0.000004      -0.000006
      26.336458      -0.000005      -0.000004
      26.366487      -0.000006      -0.000003
      26.396517      -0.000007      -0.000003
      26.426546      -0.000007      -0.000004
      26.456575      -0.000007      -0.000005
      26.486604      -0.000006      -0.000005
      26.516633      -0.000005      -0.000004
      26.546662      -0.000006      -0.000002
      26.576691      -0.000007      -0.000002
      26.606720      -0.000007      -0.000002
      26.636749      -0.000007      -0.000002
      26.666778      -0.000007      -0.000002
      26.696807      -0.000007      -0.000002
      26.726836      -0.000008      -0.000002
      26.756865      -0.000008      -0.000002
      26.786894      -0.000009      -0.000002
      26.816923      -0.000008      -0.000003
      26.846952      -0.000008      -0.000003
      26.876981      -0.000007      -0.000003
      26.907010      -0.000006      -0.000003
      26.937039      -0.000006      -0.000002
      26.967068      -0.000006      -0.000002
      26.997097      -0.000007      -0.000001
      27.027126      -0.000007      -0.000001
      27.057155      -0.000007      -0.000001
      27.087184      -0.000008      -0.000001
      27.117213      -0.000009      -0.000002
      27.147242      -0.000008      -0.000003
      27.177271      -0.000008      -0.000003
      27.207300      -0.000007      -0.000003
      27.237329      -0.000006      -0.000003
      27.267358      -0.000006      -0.000002
      27.297387      -0.000006      -0.000002
      27.327416      -0.000006      -0.000001
      27.357445      -0.000007      -0.000001
      27.387474      -0.000007      -0.000001
      27.417504      -0.000007      -0.000001
      27.447533      -0.000008      -0.000001
      27.477562      -0.000008      -0.000002
      27.507591      -0.000007      -0.000002
      27.537620      -0.000007      -0.000003
      27.567649      -0.000006      -0.000003
      27.597678      -0.000006      -0.000002
      27.627707      -0.000006      -0.000001
      27.657736      -0.000006      -0.000000
      27.687765      -0.000007      -0.000001
      27.717794      -0.000007      -0.000001
      27.747823      -0.000007      -0.000002
      27.777852      -0.000007      -0.000002
      27.807881      -0.000007      -0.000002
      27.837910      -0.000007      -0.000003
      27.867939      -0.000007      -0.000003
      27.897968      -0.000006      -0.000003
      27.927997      -0.000005      -0.000003
      27.958026      -0.000005      -0.000002
      27.988055      -0.000005      -0.000001
      28.018084      -0.000007      -0.000001
      28.048113      -0.000008      -0.000002
      28.078142      -0.000008      -0.000004
      28.108171      -0.000006      -0.000005
      28.138200      -0.000004      -0.000005
      28.168229      -0.000003      -0.000004
      28.198258      -0.000003      -0.000003
      28.228287      -0.000004      -0.000003
      28.258316      -0.000004      -0.000003
      28.288345      -0.000003      -0.000003
      28.318374      -0.000002      -0.000002
      28.348403      -0.000002      -0.000002
      28.378432      -0.000003      -0.000001
      28.408461      -0.000003      -0.000001
      28.438490      -0.000003      -0.000000
      28.468520      -0.000004      -0.000000
      28.498549      -0.000004      -0.000000
      28.528578      -0.000004      -0.000000
      28.558607      -0.000004      -0.000000
      28.588636      -0.000004      -0.000000
      28.618665      -0.000004      -0.000001
      28.648694      -0.000004      -0.000001
      28.678723      -0.000003      -0.000001
      28.708752      -0.000003      -0.000000
      28.738781      -0.000003       0.000000
      28.768810      -0.000003       0.000001
      28.798839      -0.000004       0.000001
      28.828868      -0.000004       0.000001
      28.858897      -0.000004       0.000001
      28.888926      -0.000004       0.000001
      28.918955      -0.000005       0.000002
      28.948984      -0.000005       0.000002
      28.979013      -0.000006       0.000002
      29.009042      -0.000006       0.000002
      29.039071      -0.000007       0.000001
      29.069100      -0.000007       0.000001
      29.099129      -0.000007       0.000001
      29.129158      -0.000008       0.000001
      29.159187      -0.000009      -0.000000
      29.189216      -0.000010      -0.000002
      29.219245      -0.000009      -0.000004
      29.249274      -0.000007      -0.000005
      29.279303      -0.000006      -0.000004
      29.309332      -0.000005      -0.000004
      29.339361      -0.000004      -0.000004
      29.369390      -0.000003      -0.000004
      29.399419      -0.000003      -0.000003
      29.429448      -0.000003      -0.000002
      29.459477      -0.000004      -0.000002
      29.489507      -0.000004      -0.000002
      29.519536      -0.000003      -0.000002
      29.549565      -0.000003      -0.000001
      29.579594      -0.000003      -0.000001
      29.609623      -0.000004      -0.000001
      29.639652      -0.000004      -0.000001
      29.669681      -0.000004      -0.000001
      29.699710      -0.000004      -0.000000
      29.729739      -0.000004      -0.000000
      29.759768      -0.000005       0.000000
      29.789797      -0.000005      -0.000000
      29.819826      -0.000005      -0.000001
      29.849855      -0.000005      -0.000000
      29.879884      -0.000005      -0.000000
      29.909913      -0.000006      -0.000000
      29.939942      -0.000007      -0.000001
      29.969971      -0.000007      -0.000002
      30.000000      -0.000006      -0.000003
