  # energy grid [eV]     epsr     epsi
       0.001000      -0.000351       0.000001
       0.031029      -0.000351       0.000001
       0.061058      -0.000351       0.000001
       0.091087      -0.000352       0.000001
       0.121116      -0.000352       0.000001
       0.151145      -0.000352       0.000000
       0.181174      -0.000352       0.000000
       0.211203      -0.000353       0.000000
       0.241232      -0.000353      -0.000000
       0.271261      -0.000354      -0.000000
       0.301290      -0.000354      -0.000000
       0.331319      -0.000355      -0.000001
       0.361348      -0.000355      -0.000001
       0.391377      -0.000356      -0.000001
       0.421406      -0.000357      -0.000001
       0.451435      -0.000358      -0.000002
       0.481464      -0.000359      -0.000002
       0.511493      -0.000360      -0.000002
       0.541523      -0.000361      -0.000002
       0.571552      -0.000362      -0.000002
       0.601581      -0.000363      -0.000003
       0.631610      -0.000364      -0.000003
       0.661639      -0.000366      -0.000003
       0.691668      -0.000367      -0.000003
       0.721697      -0.000369      -0.000004
       0.751726      -0.000370      -0.000004
       0.781755      -0.000372      -0.000004
       0.811784      -0.000373      -0.000004
       0.841813      -0.000375      -0.000005
       0.871842      -0.000377      -0.000005
       0.901871      -0.000379      -0.000005
       0.931900      -0.000381      -0.000005
       0.961929      -0.000383      -0.000006
       0.991958      -0.000385      -0.000006
       1.021987      -0.000387      -0.000006
       1.052016      -0.000390      -0.000006
       1.082045      -0.000392      -0.000007
       1.112074      -0.000395      -0.000007
       1.142103      -0.000397      -0.000007
       1.172132      -0.000400      -0.000008
       1.202161      -0.000403      -0.000008
       1.232190      -0.000406      -0.000008
       1.262219      -0.000409      -0.000009
       1.292248      -0.000412      -0.000009
       1.322277      -0.000415      -0.000009
       1.352306      -0.000418      -0.000010
       1.382335      -0.000422      -0.000010
       1.412364      -0.000425      -0.000011
       1.442393      -0.000429      -0.000011
       1.472422      -0.000433      -0.000012
       1.502451      -0.000437      -0.000012
       1.532480      -0.000441      -0.000012
       1.562510      -0.000445      -0.000013
       1.592539      -0.000450      -0.000013
       1.622568      -0.000454      -0.000014
       1.652597      -0.000459      -0.000015
       1.682626      -0.000464      -0.000015
       1.712655      -0.000469      -0.000016
       1.742684      -0.000474      -0.000016
       1.772713      -0.000479      -0.000017
       1.802742      -0.000485      -0.000018
       1.832771      -0.000491      -0.000018
       1.862800      -0.000497      -0.000019
       1.892829      -0.000503      -0.000020
       1.922858      -0.000510      -0.000021
       1.952887      -0.000516      -0.000021
       1.982916      -0.000523      -0.000022
       2.012945      -0.000530      -0.000023
       2.042974      -0.000538      -0.000024
       2.073003      -0.000546      -0.000025
       2.103032      -0.000554      -0.000026
       2.133061      -0.000562      -0.000027
       2.163090      -0.000571      -0.000028
       2.193119      -0.000580      -0.000029
       2.223148      -0.000589      -0.000031
       2.253177      -0.000599      -0.000032
       2.283206      -0.000609      -0.000033
       2.313235      -0.000620      -0.000035
       2.343264      -0.000631      -0.000036
       2.373293      -0.000642      -0.000038
       2.403322      -0.000654      -0.000040
       2.433351      -0.000667      -0.000042
       2.463380      -0.000680      -0.000044
       2.493409      -0.000694      -0.000046
       2.523438      -0.000708      -0.000048
       2.553467      -0.000723      -0.000050
       2.583496      -0.000739      -0.000053
       2.613526      -0.000755      -0.000056
       2.643555      -0.000773      -0.000059
       2.673584      -0.000791      -0.000062
       2.703613      -0.000810      -0.000065
       2.733642      -0.000830      -0.000069
       2.763671      -0.000852      -0.000073
       2.793700      -0.000874      -0.000077
       2.823729      -0.000898      -0.000082
       2.853758      -0.000923      -0.000087
       2.883787      -0.000950      -0.000092
       2.913816      -0.000979      -0.000098
       2.943845      -0.001009      -0.000105
       2.973874      -0.001041      -0.000112
       3.003903      -0.001076      -0.000120
       3.033932      -0.001112      -0.000129
       3.063961      -0.001152      -0.000139
       3.093990      -0.001194      -0.000151
       3.124019      -0.001240      -0.000163
       3.154048      -0.001290      -0.000177
       3.184077      -0.001343      -0.000194
       3.214106      -0.001402      -0.000212
       3.244135      -0.001465      -0.000234
       3.274164      -0.001535      -0.000259
       3.304193      -0.001611      -0.000289
       3.334222      -0.001695      -0.000324
       3.364251      -0.001787      -0.000367
       3.394280      -0.001889      -0.000419
       3.424309      -0.002000      -0.000483
       3.454338      -0.002119      -0.000560
       3.484367      -0.002252      -0.000651
       3.514396      -0.002409      -0.000762
       3.544425      -0.002591      -0.000922
       3.574454      -0.002771      -0.001158
       3.604483      -0.002902      -0.001464
       3.634513      -0.002957      -0.001801
       3.664542      -0.002950      -0.002123
       3.694571      -0.002926      -0.002420
       3.724600      -0.002920      -0.002724
       3.754629      -0.002923      -0.003106
       3.784658      -0.002835      -0.003611
       3.814687      -0.002518      -0.004167
       3.844716      -0.001913      -0.004538
       3.874745      -0.001303      -0.004426
       3.904774      -0.001264      -0.004082
       3.934803      -0.001678      -0.004261
       3.964832      -0.001818      -0.005080
       3.994861      -0.001328      -0.006045
       4.024890      -0.000371      -0.006737
       4.054919       0.000804      -0.007066
       4.084948       0.002103      -0.007034
       4.114977       0.003418      -0.006505
       4.145006       0.004419      -0.005475
       4.175035       0.004883      -0.004140
       4.205064       0.004494      -0.002857
       4.235093       0.003551      -0.002545
       4.265122       0.003290      -0.003196
       4.295151       0.004160      -0.003687
       4.325180       0.005510      -0.003139
       4.355209       0.006294      -0.001548
       4.385238       0.005886       0.000283
       4.415267       0.004521       0.001339
       4.445296       0.003202       0.001277
       4.475325       0.002610       0.000679
       4.505354       0.002750       0.000275
       4.535383       0.003045       0.000518
       4.565412       0.002887       0.001081
       4.595441       0.002328       0.001451
       4.625470       0.001649       0.001467
       4.655499       0.001063       0.001132
       4.685529       0.000822       0.000503
       4.715558       0.001145      -0.000017
       4.745587       0.001643       0.000028
       4.775616       0.001777       0.000399
       4.805645       0.001616       0.000607
       4.835674       0.001565       0.000629
       4.865703       0.001666       0.000867
       4.895732       0.001432       0.001353
       4.925761       0.000819       0.001554
       4.955790       0.000248       0.001369
       4.985819      -0.000117       0.000970
       5.015848      -0.000157       0.000531
       5.045877      -0.000025       0.000427
       5.075906      -0.000303       0.000499
       5.105935      -0.000777       0.000019
       5.135964      -0.000698      -0.000811
       5.165993      -0.000095      -0.001362
       5.196022       0.000641      -0.001420
       5.226051       0.001159      -0.001078
       5.256080       0.001312      -0.000657
       5.286109       0.001295      -0.000369
       5.316138       0.001226      -0.000129
       5.346167       0.001045       0.000070
       5.376196       0.000753       0.000120
       5.406225       0.000492      -0.000062
       5.436254       0.000426      -0.000380
       5.466283       0.000556      -0.000684
       5.496312       0.000852      -0.000935
       5.526341       0.001378      -0.001005
       5.556370       0.001920      -0.000627
       5.586399       0.002035       0.000039
       5.616428       0.001736       0.000541
       5.646457       0.001284       0.000756
       5.676486       0.000826       0.000666
       5.706516       0.000572       0.000316
       5.736545       0.000637      -0.000095
       5.766574       0.001003      -0.000334
       5.796603       0.001430      -0.000222
       5.826632       0.001656       0.000099
       5.856661       0.001714       0.000426
       5.886690       0.001687       0.000749
       5.916719       0.001556       0.001084
       5.946748       0.001262       0.001375
       5.976777       0.000866       0.001457
       6.006806       0.000616       0.001355
       6.036835       0.000535       0.001361
       6.066864       0.000292       0.001543
       6.096893      -0.000256       0.001517
       6.126922      -0.000693       0.001009
       6.156951      -0.000589       0.000389
       6.186980      -0.000184       0.000175
       6.217009       0.000061       0.000304
       6.247038       0.000052       0.000485
       6.277067      -0.000123       0.000551
       6.307096      -0.000307       0.000429
       6.337125      -0.000353       0.000216
       6.367154      -0.000306       0.000055
       6.397183      -0.000243      -0.000088
       6.427212      -0.000117      -0.000232
       6.457241       0.000092      -0.000312
       6.487270       0.000324      -0.000264
       6.517299       0.000505      -0.000103
       6.547328       0.000576       0.000160
       6.577357       0.000434       0.000416
       6.607386       0.000177       0.000458
       6.637415       0.000076       0.000333
       6.667444       0.000115       0.000316
       6.697473       0.000069       0.000389
       6.727503      -0.000027       0.000421
       6.757532      -0.000160       0.000448
       6.787561      -0.000355       0.000381
       6.817590      -0.000478       0.000195
       6.847619      -0.000489       0.000008
       6.877648      -0.000450      -0.000137
       6.907677      -0.000395      -0.000251
       6.937706      -0.000334      -0.000359
       6.967735      -0.000231      -0.000467
       6.997764      -0.000080      -0.000528
       7.027793       0.000081      -0.000524
       7.057822       0.000235      -0.000449
       7.087851       0.000317      -0.000305
       7.117880       0.000319      -0.000188
       7.147909       0.000332      -0.000091
       7.177938       0.000321       0.000067
       7.207967       0.000192       0.000242
       7.237996      -0.000050       0.000315
       7.268025      -0.000278       0.000226
       7.298054      -0.000385       0.000069
       7.328083      -0.000413      -0.000049
       7.358112      -0.000433      -0.000124
       7.388141      -0.000474      -0.000189
       7.418170      -0.000526      -0.000284
       7.448199      -0.000535      -0.000411
       7.478228      -0.000492      -0.000504
       7.508257      -0.000472      -0.000540
       7.538286      -0.000504      -0.000606
       7.568315      -0.000502      -0.000739
       7.598344      -0.000393      -0.000862
       7.628373      -0.000233      -0.000846
       7.658402      -0.000188      -0.000703
       7.688431      -0.000308      -0.000577
       7.718460      -0.000514      -0.000573
       7.748489      -0.000693      -0.000660
       7.778519      -0.000899      -0.000741
       7.808548      -0.001236      -0.000942
       7.838577      -0.001558      -0.001436
       7.868606      -0.001607      -0.002153
       7.898635      -0.001338      -0.002865
       7.928664      -0.000803      -0.003461
       7.958693      -0.000059      -0.003818
       7.988722       0.000752      -0.003827
       8.018751       0.001359      -0.003478
       8.048780       0.001534      -0.003094
       8.078809       0.001526      -0.003054
       8.108838       0.001734      -0.003269
       8.138867       0.002253      -0.003412
       8.168896       0.002845      -0.003269
       8.198925       0.003310      -0.003059
       8.228954       0.003969      -0.002837
       8.258983       0.004752      -0.002072
       8.289012       0.004908      -0.000805
       8.319041       0.004277       0.000188
       8.349070       0.003377       0.000475
       8.379099       0.002788       0.000178
       8.409128       0.002719      -0.000242
       8.439157       0.003009      -0.000415
       8.469186       0.003337      -0.000238
       8.499215       0.003487       0.000217
       8.529244       0.003175       0.000781
       8.559273       0.002351       0.000863
       8.589302       0.001719       0.000010
       8.619331       0.002174      -0.001248
       8.649360       0.003622      -0.001781
       8.679389       0.005100      -0.001264
       8.709418       0.006198      -0.000090
       8.739447       0.006674       0.001656
       8.769476       0.006061       0.003447
       8.799506       0.004719       0.004332
       8.829535       0.003817       0.004309
       8.859564       0.003655       0.004542
       8.889593       0.003082       0.005511
       8.919622       0.001487       0.006033
       8.949651      -0.000050       0.005354
       8.979680      -0.000658       0.004161
       9.009709      -0.000437       0.003313
       9.039738      -0.000039       0.003273
       9.069767      -0.000337       0.003736
       9.099796      -0.001394       0.003620
       9.129825      -0.002176       0.002505
       9.159854      -0.001937       0.001114
       9.189883      -0.000923       0.000388
       9.219912      -0.000028       0.000520
       9.249941       0.000342       0.000856
       9.279970       0.000585       0.001049
       9.309999       0.000883       0.001349
       9.340028       0.001060       0.001873
       9.370057       0.000920       0.002597
       9.400086       0.000182       0.003228
       9.430115      -0.000904       0.003137
       9.460144      -0.001521       0.002354
       9.490173      -0.001409       0.001644
       9.520202      -0.001111       0.001454
       9.550231      -0.001120       0.001509
       9.580260      -0.001351       0.001328
       9.610289      -0.001336       0.000904
       9.640318      -0.001006       0.000710
       9.670347      -0.000842       0.000882
       9.700376      -0.001032       0.000966
       9.730405      -0.001186       0.000750
       9.760434      -0.001103       0.000577
       9.790463      -0.001131       0.000622
       9.820492      -0.001449       0.000498
       9.850522      -0.001683      -0.000014
       9.880551      -0.001580      -0.000700
       9.910580      -0.001078      -0.001352
       9.940609      -0.000213      -0.001686
       9.970638       0.000720      -0.001486
      10.000667       0.001323      -0.000850
      10.030696       0.001432      -0.000186
      10.060725       0.001342       0.000178
      10.090754       0.001408       0.000446
      10.120783       0.001414       0.000942
      10.150812       0.001047       0.001391
      10.180841       0.000561       0.001457
      10.210870       0.000308       0.001262
      10.240899       0.000335       0.001114
      10.270928       0.000459       0.001194
      10.300957       0.000408       0.001484
      10.330986       0.000052       0.001670
      10.361015      -0.000322       0.001498
      10.391044      -0.000350       0.001154
      10.421073      -0.000047       0.001084
      10.451102       0.000120       0.001503
      10.481131      -0.000308       0.002010
      10.511160      -0.001092       0.001980
      10.541189      -0.001619       0.001426
      10.571218      -0.001686       0.000767
      10.601247      -0.001436       0.000305
      10.631276      -0.001118       0.000122
      10.661305      -0.000900       0.000111
      10.691334      -0.000810       0.000144
      10.721363      -0.000809       0.000137
      10.751392      -0.000845       0.000052
      10.781421      -0.000837      -0.000139
      10.811450      -0.000687      -0.000355
      10.841479      -0.000432      -0.000479
      10.871509      -0.000161      -0.000486
      10.901538       0.000091      -0.000426
      10.931567       0.000369      -0.000275
      10.961596       0.000567       0.000090
      10.991625       0.000409       0.000520
      11.021654       0.000028       0.000590
      11.051683      -0.000093       0.000362
      11.081712       0.000083       0.000279
      11.111741       0.000224       0.000471
      11.141770       0.000139       0.000757
      11.171799      -0.000166       0.000947
      11.201828      -0.000585       0.000897
      11.231857      -0.000907       0.000559
      11.261886      -0.000939       0.000093
      11.291915      -0.000706      -0.000260
      11.321944      -0.000380      -0.000390
      11.351973      -0.000131      -0.000350
      11.382002       0.000012      -0.000274
      11.412031       0.000103      -0.000216
      11.442060       0.000182      -0.000188
      11.472089       0.000295      -0.000177
      11.502118       0.000462      -0.000119
      11.532147       0.000627       0.000044
      11.562176       0.000705       0.000288
      11.592205       0.000673       0.000556
      11.622234       0.000510       0.000798
      11.652263       0.000232       0.000920
      11.682292      -0.000047       0.000862
      11.712321      -0.000229       0.000674
      11.742350      -0.000249       0.000417
      11.772379      -0.000065       0.000250
      11.802408       0.000134       0.000326
      11.832437       0.000127       0.000488
      11.862466      -0.000007       0.000510
      11.892495      -0.000077       0.000362
      11.922525       0.000056       0.000165
      11.952554       0.000385       0.000125
      11.982583       0.000736       0.000388
      12.012612       0.000821       0.000920
      12.042641       0.000486       0.001386
      12.072670      -0.000030       0.001503
      12.102699      -0.000432       0.001313
      12.132728      -0.000597       0.001012
      12.162757      -0.000573       0.000773
      12.192786      -0.000479       0.000657
      12.222815      -0.000403       0.000626
      12.252844      -0.000341       0.000641
      12.282873      -0.000329       0.000726
      12.312902      -0.000433       0.000801
      12.342931      -0.000589       0.000767
      12.372960      -0.000700       0.000631
      12.402989      -0.000707       0.000441
      12.433018      -0.000574       0.000287
      12.463047      -0.000366       0.000306
      12.493076      -0.000294       0.000504
      12.523105      -0.000457       0.000656
      12.553134      -0.000685       0.000574
      12.583163      -0.000745       0.000333
      12.613192      -0.000603       0.000137
      12.643221      -0.000368       0.000101
      12.673250      -0.000170       0.000235
      12.703279      -0.000090       0.000478
      12.733308      -0.000192       0.000760
      12.763337      -0.000484       0.000921
      12.793366      -0.000804       0.000865
      12.823395      -0.001022       0.000667
      12.853424      -0.001104       0.000409
      12.883453      -0.001035       0.000194
      12.913482      -0.000917       0.000106
      12.943512      -0.000854       0.000113
      12.973541      -0.000883       0.000124
      13.003570      -0.000955       0.000066
      13.033599      -0.000998      -0.000054
      13.063628      -0.000995      -0.000188
      13.093657      -0.000976      -0.000336
      13.123686      -0.000889      -0.000528
      13.153715      -0.000672      -0.000661
      13.183744      -0.000454      -0.000631
      13.213773      -0.000356      -0.000554
      13.243802      -0.000311      -0.000538
      13.273831      -0.000224      -0.000573
      13.303860      -0.000053      -0.000574
      13.333889       0.000145      -0.000455
      13.363918       0.000255      -0.000201
      13.393947       0.000154       0.000082
      13.423976      -0.000096       0.000177
      13.454005      -0.000253       0.000099
      13.484034      -0.000318       0.000034
      13.514063      -0.000395      -0.000040
      13.544092      -0.000430      -0.000176
      13.574121      -0.000373      -0.000320
      13.604150      -0.000234      -0.000400
      13.634179      -0.000104      -0.000370
      13.664208      -0.000052      -0.000321
      13.694237       0.000001      -0.000303
      13.724266       0.000075      -0.000237
      13.754295       0.000067      -0.000112
      13.784324      -0.000058      -0.000068
      13.814353      -0.000143      -0.000185
      13.844382      -0.000058      -0.000322
      13.874411       0.000095      -0.000327
      13.904440       0.000186      -0.000254
      13.934469       0.000241      -0.000185
      13.964498       0.000289      -0.000088
      13.994528       0.000272       0.000039
      14.024557       0.000185       0.000125
      14.054586       0.000079       0.000143
      14.084615      -0.000016       0.000098
      14.114644      -0.000060      -0.000006
      14.144673      -0.000016      -0.000122
      14.174702       0.000109      -0.000194
      14.204731       0.000277      -0.000153
      14.234760       0.000354      -0.000001
      14.264789       0.000311       0.000095
      14.294818       0.000317       0.000107
      14.324847       0.000388       0.000188
      14.354876       0.000383       0.000356
      14.384905       0.000269       0.000487
      14.414934       0.000132       0.000532
      14.444963       0.000028       0.000532
      14.474992      -0.000061       0.000533
      14.505021      -0.000162       0.000513
      14.535050      -0.000242       0.000469
      14.565079      -0.000319       0.000433
      14.595108      -0.000428       0.000357
      14.625137      -0.000489       0.000198
      14.655166      -0.000440       0.000036
      14.685195      -0.000324      -0.000047
      14.715224      -0.000213      -0.000043
      14.745253      -0.000160       0.000024
      14.775282      -0.000198       0.000088
      14.805311      -0.000291       0.000069
      14.835340      -0.000335      -0.000047
      14.865369      -0.000268      -0.000155
      14.895398      -0.000186      -0.000172
      14.925427      -0.000169      -0.000185
      14.955456      -0.000129      -0.000260
      14.985485      -0.000011      -0.000307
      15.015515       0.000105      -0.000279
      15.045544       0.000182      -0.000235
      15.075573       0.000261      -0.000194
      15.105602       0.000349      -0.000123
      15.135631       0.000418      -0.000011
      15.165660       0.000447       0.000133
      15.195689       0.000416       0.000290
      15.225718       0.000315       0.000433
      15.255747       0.000140       0.000510
      15.285776      -0.000040       0.000460
      15.315805      -0.000108       0.000324
      15.345834      -0.000052       0.000248
      15.375863      -0.000013       0.000296
      15.405892      -0.000095       0.000357
      15.435921      -0.000232       0.000301
      15.465950      -0.000281       0.000126
      15.495979      -0.000163      -0.000029
      15.526008       0.000012      -0.000031
      15.556037       0.000115       0.000071
      15.586066       0.000122       0.000197
      15.616095       0.000044       0.000278
      15.646124      -0.000055       0.000266
      15.676153      -0.000089       0.000179
      15.706182      -0.000019       0.000111
      15.736211       0.000084       0.000144
      15.766240       0.000123       0.000247
      15.796269       0.000095       0.000340
      15.826298       0.000048       0.000417
      15.856327      -0.000049       0.000505
      15.886356      -0.000225       0.000521
      15.916385      -0.000380       0.000413
      15.946414      -0.000443       0.000251
      15.976443      -0.000428       0.000082
      16.006472      -0.000316      -0.000073
      16.036502      -0.000117      -0.000115
      16.066531       0.000038      -0.000014
      16.096560       0.000077       0.000131
      16.126589       0.000029       0.000246
      16.156618      -0.000064       0.000289
      16.186647      -0.000124       0.000261
      16.216676      -0.000129       0.000246
      16.246705      -0.000147       0.000265
      16.276734      -0.000197       0.000277
      16.306763      -0.000268       0.000257
      16.336792      -0.000334       0.000178
      16.366821      -0.000336       0.000047
      16.396850      -0.000237      -0.000067
      16.426879      -0.000075      -0.000093
      16.456908       0.000080       0.000004
      16.486937       0.000128       0.000188
      16.516966       0.000054       0.000355
      16.546995      -0.000099       0.000464
      16.577024      -0.000331       0.000469
      16.607053      -0.000527       0.000275
      16.637082      -0.000493      -0.000006
      16.667111      -0.000276      -0.000119
      16.697140      -0.000127      -0.000028
      16.727169      -0.000136       0.000071
      16.757198      -0.000184       0.000074
      16.787227      -0.000176       0.000029
      16.817256      -0.000100       0.000022
      16.847285      -0.000042       0.000119
      16.877314      -0.000106       0.000244
      16.907343      -0.000259       0.000277
      16.937372      -0.000398       0.000193
      16.967401      -0.000466       0.000045
      16.997430      -0.000442      -0.000135
      17.027459      -0.000309      -0.000269
      17.057488      -0.000142      -0.000302
      17.087518       0.000005      -0.000257
      17.117547       0.000098      -0.000160
      17.147576       0.000135      -0.000060
      17.177605       0.000150       0.000029
      17.207634       0.000138       0.000135
      17.237663       0.000069       0.000227
      17.267692      -0.000028       0.000277
      17.297721      -0.000150       0.000283
      17.327750      -0.000270       0.000209
      17.357779      -0.000322       0.000055
      17.387808      -0.000216      -0.000109
      17.417837      -0.000005      -0.000074
      17.447866       0.000013       0.000140
      17.477895      -0.000185       0.000206
      17.507924      -0.000307       0.000062
      17.537953      -0.000265      -0.000077
      17.567982      -0.000201      -0.000121
      17.598011      -0.000180      -0.000173
      17.628040      -0.000099      -0.000265
      17.658069       0.000056      -0.000282
      17.688098       0.000174      -0.000213
      17.718127       0.000247      -0.000126
      17.748156       0.000286      -0.000017
      17.778185       0.000260       0.000090
      17.808214       0.000199       0.000134
      17.838243       0.000175       0.000130
      17.868272       0.000194       0.000145
      17.898301       0.000202       0.000200
      17.928330       0.000171       0.000256
      17.958359       0.000118       0.000285
      17.988388       0.000064       0.000273
      18.018417       0.000053       0.000232
      18.048446       0.000083       0.000213
      18.078475       0.000124       0.000224
      18.108505       0.000172       0.000274
      18.138534       0.000181       0.000369
      18.168563       0.000126       0.000460
      18.198592       0.000040       0.000503
      18.228621      -0.000036       0.000509
      18.258650      -0.000092       0.000510
      18.288679      -0.000163       0.000520
      18.318708      -0.000268       0.000494
      18.348737      -0.000350       0.000394
      18.378766      -0.000351       0.000277
      18.408795      -0.000314       0.000200
      18.438824      -0.000269       0.000132
      18.468853      -0.000175       0.000076
      18.498882      -0.000049       0.000098
      18.528911       0.000027       0.000200
      18.558940       0.000019       0.000308
      18.588969      -0.000030       0.000367
      18.618998      -0.000062       0.000389
      18.649027      -0.000071       0.000428
      18.679056      -0.000110       0.000499
      18.709085      -0.000205       0.000550
      18.739114      -0.000313       0.000538
      18.769143      -0.000381       0.000494
      18.799172      -0.000435       0.000474
      18.829201      -0.000531       0.000441
      18.859230      -0.000630       0.000332
      18.889259      -0.000656       0.000162
      18.919288      -0.000580       0.000004
      18.949317      -0.000438      -0.000074
      18.979346      -0.000310      -0.000056
      19.009375      -0.000252       0.000001
      19.039404      -0.000243       0.000032
      19.069433      -0.000232       0.000023
      19.099462      -0.000192       0.000001
      19.129491      -0.000114      -0.000014
      19.159521       0.000005       0.000021
      19.189550       0.000109       0.000149
      19.219579       0.000118       0.000331
      19.249608       0.000036       0.000478
      19.279637      -0.000084       0.000567
      19.309666      -0.000213       0.000597
      19.339695      -0.000318       0.000582
      19.369724      -0.000391       0.000551
      19.399753      -0.000439       0.000531
      19.429782      -0.000496       0.000526
      19.459811      -0.000566       0.000507
      19.489840      -0.000636       0.000484
      19.519869      -0.000741       0.000437
      19.549898      -0.000822       0.000296
      19.579927      -0.000782       0.000150
      19.609956      -0.000709       0.000105
      19.639985      -0.000697       0.000080
      19.670014      -0.000671       0.000009
      19.700043      -0.000580      -0.000039
      19.730072      -0.000478      -0.000007
      19.760101      -0.000431       0.000082
      19.790130      -0.000450       0.000181
      19.820159      -0.000539       0.000251
      19.850188      -0.000654       0.000238
      19.880217      -0.000717       0.000162
      19.910246      -0.000715       0.000099
      19.940275      -0.000702       0.000082
      19.970304      -0.000711       0.000081
      20.000333      -0.000733       0.000081
      20.030362      -0.000770       0.000084
      20.060391      -0.000836       0.000086
      20.090420      -0.000950       0.000043
      20.120449      -0.001045      -0.000105
      20.150478      -0.001025      -0.000297
      20.180508      -0.000907      -0.000437
      20.210537      -0.000744      -0.000495
      20.240566      -0.000570      -0.000448
      20.270595      -0.000465      -0.000289
      20.300624      -0.000491      -0.000087
      20.330653      -0.000651       0.000078
      20.360682      -0.000905       0.000130
      20.390711      -0.001155       0.000053
      20.420740      -0.001385      -0.000081
      20.450769      -0.001647      -0.000323
      20.480798      -0.001823      -0.000764
      20.510827      -0.001763      -0.001292
      20.540856      -0.001491      -0.001776
      20.570885      -0.000996      -0.002144
      20.600914      -0.000365      -0.002206
      20.630943       0.000123      -0.001961
      20.660972       0.000349      -0.001632
      20.691001       0.000399      -0.001402
      20.721030       0.000436      -0.001308
      20.751059       0.000566      -0.001243
      20.781088       0.000735      -0.001083
      20.811117       0.000826      -0.000834
      20.841146       0.000796      -0.000582
      20.871175       0.000685      -0.000405
      20.901204       0.000564      -0.000305
      20.931233       0.000448      -0.000252
      20.961262       0.000345      -0.000247
      20.991291       0.000279      -0.000277
      21.021320       0.000257      -0.000311
      21.051349       0.000258      -0.000328
      21.081378       0.000267      -0.000332
      21.111407       0.000278      -0.000325
      21.141436       0.000282      -0.000315
      21.171465       0.000298      -0.000315
      21.201494       0.000332      -0.000294
      21.231524       0.000355      -0.000246
      21.261553       0.000355      -0.000188
      21.291582       0.000332      -0.000135
      21.321611       0.000293      -0.000098
      21.351640       0.000254      -0.000080
      21.381669       0.000221      -0.000071
      21.411698       0.000189      -0.000067
      21.441727       0.000159      -0.000075
      21.471756       0.000147      -0.000089
      21.501785       0.000140      -0.000089
      21.531814       0.000119      -0.000087
      21.561843       0.000098      -0.000105
      21.591872       0.000096      -0.000131
      21.621901       0.000111      -0.000147
      21.651930       0.000128      -0.000146
      21.681959       0.000137      -0.000135
      21.711988       0.000135      -0.000126
      21.742017       0.000131      -0.000125
      21.772046       0.000134      -0.000123
      21.802075       0.000129      -0.000117
      21.832104       0.000121      -0.000125
      21.862133       0.000131      -0.000142
      21.892162       0.000158      -0.000144
      21.922191       0.000183      -0.000121
      21.952220       0.000182      -0.000089
      21.982249       0.000166      -0.000076
      22.012278       0.000167      -0.000078
      22.042307       0.000181      -0.000060
      22.072336       0.000172      -0.000022
      22.102365       0.000132      -0.000004
      22.132394       0.000097      -0.000022
      22.162423       0.000091      -0.000053
      22.192452       0.000109      -0.000068
      22.222481       0.000126      -0.000063
      22.252511       0.000130      -0.000052
      22.282540       0.000130      -0.000046
      22.312569       0.000132      -0.000044
      22.342598       0.000140      -0.000040
      22.372627       0.000152      -0.000031
      22.402656       0.000167      -0.000005
      22.432685       0.000160       0.000038
      22.462714       0.000124       0.000072
      22.492743       0.000075       0.000079
      22.522772       0.000030       0.000060
      22.552801       0.000005       0.000017
      22.582830       0.000019      -0.000029
      22.612859       0.000057      -0.000042
      22.642888       0.000082      -0.000026
      22.672917       0.000090      -0.000002
      22.702946       0.000084       0.000023
      22.732975       0.000062       0.000046
      22.763004       0.000022       0.000056
      22.793033      -0.000025       0.000033
      22.823062      -0.000045      -0.000022
      22.853091      -0.000021      -0.000072
      22.883120       0.000022      -0.000091
      22.913149       0.000056      -0.000083
      22.943178       0.000075      -0.000066
      22.973207       0.000085      -0.000049
      23.003236       0.000087      -0.000031
      23.033265       0.000083      -0.000018
      23.063294       0.000077      -0.000011
      23.093323       0.000076      -0.000005
      23.123352       0.000071       0.000007
      23.153381       0.000058       0.000018
      23.183410       0.000037       0.000019
      23.213439       0.000018       0.000006
      23.243468       0.000012      -0.000016
      23.273497       0.000021      -0.000035
      23.303527       0.000036      -0.000043
      23.333556       0.000048      -0.000041
      23.363585       0.000056      -0.000038
      23.393614       0.000063      -0.000034
      23.423643       0.000066      -0.000029
      23.453672       0.000067      -0.000025
      23.483701       0.000068      -0.000024
      23.513730       0.000072      -0.000024
      23.543759       0.000079      -0.000020
      23.573788       0.000084      -0.000014
      23.603817       0.000087      -0.000006
      23.633846       0.000085       0.000003
      23.663875       0.000082       0.000005
      23.693904       0.000084       0.000006
      23.723933       0.000091       0.000011
      23.753962       0.000094       0.000024
      23.783991       0.000090       0.000037
      23.814020       0.000082       0.000046
      23.844049       0.000074       0.000050
      23.874078       0.000068       0.000053
      23.904107       0.000064       0.000055
      23.934136       0.000060       0.000058
      23.964165       0.000057       0.000064
      23.994194       0.000050       0.000072
      24.024223       0.000035       0.000077
      24.054252       0.000020       0.000071
      24.084281       0.000013       0.000059
      24.114310       0.000017       0.000048
      24.144339       0.000026       0.000049
      24.174368       0.000028       0.000060
      24.204397       0.000019       0.000069
      24.234426       0.000006       0.000068
      24.264455      -0.000002       0.000061
      24.294484      -0.000003       0.000056
      24.324514      -0.000005       0.000056
      24.354543      -0.000011       0.000056
      24.384572      -0.000017       0.000052
      24.414601      -0.000022       0.000045
      24.444630      -0.000024       0.000037
      24.474659      -0.000022       0.000031
      24.504688      -0.000019       0.000028
      24.534717      -0.000019       0.000027
      24.564746      -0.000020       0.000023
      24.594775      -0.000018       0.000017
      24.624804      -0.000012       0.000014
      24.654833      -0.000006       0.000016
      24.684862      -0.000004       0.000021
      24.714891      -0.000007       0.000025
      24.744920      -0.000011       0.000025
      24.774949      -0.000015       0.000023
      24.804978      -0.000017       0.000018
      24.835007      -0.000016       0.000013
      24.865036      -0.000012       0.000011
      24.895065      -0.000010       0.000012
      24.925094      -0.000010       0.000011
      24.955123      -0.000010       0.000008
      24.985152      -0.000006       0.000005
      25.015181      -0.000001       0.000004
      25.045210       0.000004       0.000005
      25.075239       0.000009       0.000009
      25.105268       0.000012       0.000015
      25.135297       0.000011       0.000022
      25.165326       0.000006       0.000026
      25.195355       0.000003       0.000025
      25.225384       0.000003       0.000024
      25.255413       0.000006       0.000025
      25.285442       0.000008       0.000029
      25.315471       0.000007       0.000036
      25.345501       0.000002       0.000042
      25.375530      -0.000006       0.000045
      25.405559      -0.000014       0.000043
      25.435588      -0.000020       0.000039
      25.465617      -0.000023       0.000034
      25.495646      -0.000023       0.000029
      25.525675      -0.000021       0.000026
      25.555704      -0.000019       0.000024
      25.585733      -0.000018       0.000025
      25.615762      -0.000017       0.000025
      25.645791      -0.000017       0.000026
      25.675820      -0.000017       0.000027
      25.705849      -0.000018       0.000029
      25.735878      -0.000020       0.000030
      25.765907      -0.000023       0.000030
      25.795936      -0.000026       0.000029
      25.825965      -0.000027       0.000028
      25.855994      -0.000029       0.000026
      25.886023      -0.000031       0.000025
      25.916052      -0.000032       0.000021
      25.946081      -0.000032       0.000018
      25.976110      -0.000029       0.000016
      26.006139      -0.000027       0.000016
      26.036168      -0.000027       0.000018
      26.066197      -0.000028       0.000018
      26.096226      -0.000030       0.000018
      26.126255      -0.000031       0.000016
      26.156284      -0.000031       0.000015
      26.186313      -0.000031       0.000014
      26.216342      -0.000031       0.000012
      26.246371      -0.000030       0.000011
      26.276400      -0.000029       0.000011
      26.306429      -0.000028       0.000012
      26.336458      -0.000029       0.000013
      26.366487      -0.000030       0.000013
      26.396517      -0.000032       0.000012
      26.426546      -0.000033       0.000009
      26.456575      -0.000033       0.000007
      26.486604      -0.000032       0.000005
      26.516633      -0.000030       0.000003
      26.546662      -0.000027       0.000003
      26.576691      -0.000025       0.000004
      26.606720      -0.000024       0.000005
      26.636749      -0.000025       0.000007
      26.666778      -0.000026       0.000006
      26.696807      -0.000026       0.000006
      26.726836      -0.000025       0.000006
      26.756865      -0.000025       0.000006
      26.786894      -0.000025       0.000007
      26.816923      -0.000026       0.000008
      26.846952      -0.000028       0.000008
      26.876981      -0.000029       0.000007
      26.907010      -0.000029       0.000006
      26.937039      -0.000029       0.000004
      26.967068      -0.000028       0.000003
      26.997097      -0.000027       0.000003
      27.027126      -0.000027       0.000003
      27.057155      -0.000027       0.000003
      27.087184      -0.000027       0.000002
      27.117213      -0.000027       0.000002
      27.147242      -0.000026       0.000002
      27.177271      -0.000026       0.000002
      27.207300      -0.000026       0.000002
      27.237329      -0.000026       0.000001
      27.267358      -0.000026       0.000000
      27.297387      -0.000026      -0.000001
      27.327416      -0.000025      -0.000001
      27.357445      -0.000024      -0.000002
      27.387474      -0.000023      -0.000001
      27.417504      -0.000022      -0.000000
      27.447533      -0.000022       0.000000
      27.477562      -0.000022       0.000000
      27.507591      -0.000022       0.000000
      27.537620      -0.000022       0.000000
      27.567649      -0.000021       0.000001
      27.597678      -0.000021       0.000001
      27.627707      -0.000021       0.000001
      27.657736      -0.000021       0.000002
      27.687765      -0.000021       0.000002
      27.717794      -0.000021       0.000003
      27.747823      -0.000022       0.000003
      27.777852      -0.000023       0.000003
      27.807881      -0.000024       0.000002
      27.837910      -0.000023       0.000001
      27.867939      -0.000023       0.000001
      27.897968      -0.000023       0.000002
      27.927997      -0.000023       0.000001
      27.958026      -0.000023       0.000001
      27.988055      -0.000022       0.000001
      28.018084      -0.000022       0.000001
      28.048113      -0.000022       0.000002
      28.078142      -0.000022       0.000003
      28.108171      -0.000023       0.000003
      28.138200      -0.000023       0.000003
      28.168229      -0.000024       0.000002
      28.198258      -0.000024       0.000002
      28.228287      -0.000024       0.000002
      28.258316      -0.000024       0.000001
      28.288345      -0.000025       0.000001
      28.318374      -0.000025      -0.000001
      28.348403      -0.000024      -0.000001
      28.378432      -0.000023      -0.000002
      28.408461      -0.000022      -0.000001
      28.438490      -0.000022      -0.000001
      28.468520      -0.000021      -0.000001
      28.498549      -0.000021      -0.000000
      28.528578      -0.000021       0.000001
      28.558607      -0.000022       0.000001
      28.588636      -0.000023       0.000001
      28.618665      -0.000023       0.000001
      28.648694      -0.000023       0.000000
      28.678723      -0.000023       0.000000
      28.708752      -0.000023      -0.000000
      28.738781      -0.000023      -0.000000
      28.768810      -0.000024      -0.000000
      28.798839      -0.000024      -0.000001
      28.828868      -0.000024      -0.000002
      28.858897      -0.000024      -0.000003
      28.888926      -0.000024      -0.000004
      28.918955      -0.000023      -0.000005
      28.948984      -0.000022      -0.000005
      28.979013      -0.000020      -0.000006
      29.009042      -0.000019      -0.000005
      29.039071      -0.000018      -0.000005
      29.069100      -0.000017      -0.000004
      29.099129      -0.000016      -0.000003
      29.129158      -0.000015      -0.000002
      29.159187      -0.000015       0.000000
      29.189216      -0.000015       0.000002
      29.219245      -0.000016       0.000004
      29.249274      -0.000018       0.000005
      29.279303      -0.000020       0.000005
      29.309332      -0.000021       0.000004
      29.339361      -0.000022       0.000003
      29.369390      -0.000022       0.000003
      29.399419      -0.000023       0.000002
      29.429448      -0.000023       0.000001
      29.459477      -0.000023       0.000000
      29.489507      -0.000023      -0.000000
      29.519536      -0.000022      -0.000001
      29.549565      -0.000021      -0.000001
      29.579594      -0.000021       0.000000
      29.609623      -0.000021       0.000000
      29.639652      -0.000022       0.000001
      29.669681      -0.000022       0.000000
      29.699710      -0.000022       0.000000
      29.729739      -0.000022      -0.000000
      29.759768      -0.000022      -0.000000
      29.789797      -0.000022      -0.000001
      29.819826      -0.000022      -0.000001
      29.849855      -0.000022      -0.000001
      29.879884      -0.000022      -0.000001
      29.909913      -0.000022      -0.000002
      29.939942      -0.000022      -0.000002
      29.969971      -0.000021      -0.000003
      30.000000      -0.000021      -0.000003
