  # energy grid [eV]     epsr     epsi
       0.001000       0.000762      -0.000001
       0.031029       0.000763      -0.000001
       0.061058       0.000763      -0.000001
       0.091087       0.000763      -0.000000
       0.121116       0.000763      -0.000000
       0.151145       0.000763       0.000000
       0.181174       0.000764       0.000001
       0.211203       0.000764       0.000001
       0.241232       0.000765       0.000001
       0.271261       0.000766       0.000001
       0.301290       0.000767       0.000002
       0.331319       0.000767       0.000002
       0.361348       0.000768       0.000002
       0.391377       0.000769       0.000002
       0.421406       0.000770       0.000003
       0.451435       0.000772       0.000003
       0.481464       0.000773       0.000003
       0.511493       0.000774       0.000004
       0.541523       0.000776       0.000004
       0.571552       0.000777       0.000004
       0.601581       0.000779       0.000004
       0.631610       0.000780       0.000005
       0.661639       0.000782       0.000005
       0.691668       0.000784       0.000005
       0.721697       0.000786       0.000006
       0.751726       0.000788       0.000006
       0.781755       0.000790       0.000006
       0.811784       0.000793       0.000007
       0.841813       0.000795       0.000007
       0.871842       0.000797       0.000007
       0.901871       0.000800       0.000008
       0.931900       0.000803       0.000008
       0.961929       0.000805       0.000008
       0.991958       0.000808       0.000009
       1.021987       0.000811       0.000009
       1.052016       0.000814       0.000009
       1.082045       0.000818       0.000010
       1.112074       0.000821       0.000010
       1.142103       0.000824       0.000011
       1.172132       0.000828       0.000011
       1.202161       0.000832       0.000011
       1.232190       0.000836       0.000012
       1.262219       0.000840       0.000012
       1.292248       0.000844       0.000013
       1.322277       0.000848       0.000013
       1.352306       0.000852       0.000014
       1.382335       0.000857       0.000014
       1.412364       0.000861       0.000015
       1.442393       0.000866       0.000015
       1.472422       0.000871       0.000016
       1.502451       0.000876       0.000016
       1.532480       0.000882       0.000017
       1.562510       0.000887       0.000017
       1.592539       0.000893       0.000018
       1.622568       0.000899       0.000019
       1.652597       0.000905       0.000019
       1.682626       0.000911       0.000020
       1.712655       0.000917       0.000021
       1.742684       0.000924       0.000021
       1.772713       0.000931       0.000022
       1.802742       0.000938       0.000023
       1.832771       0.000945       0.000024
       1.862800       0.000952       0.000024
       1.892829       0.000960       0.000025
       1.922858       0.000968       0.000026
       1.952887       0.000976       0.000027
       1.982916       0.000985       0.000028
       2.012945       0.000994       0.000029
       2.042974       0.001003       0.000030
       2.073003       0.001012       0.000031
       2.103032       0.001022       0.000032
       2.133061       0.001032       0.000033
       2.163090       0.001042       0.000034
       2.193119       0.001053       0.000036
       2.223148       0.001064       0.000037
       2.253177       0.001076       0.000038
       2.283206       0.001088       0.000040
       2.313235       0.001100       0.000041
       2.343264       0.001113       0.000043
       2.373293       0.001126       0.000044
       2.403322       0.001140       0.000046
       2.433351       0.001154       0.000048
       2.463380       0.001169       0.000050
       2.493409       0.001185       0.000052
       2.523438       0.001201       0.000054
       2.553467       0.001218       0.000056
       2.583496       0.001235       0.000059
       2.613526       0.001253       0.000061
       2.643555       0.001272       0.000064
       2.673584       0.001292       0.000067
       2.703613       0.001313       0.000070
       2.733642       0.001334       0.000073
       2.763671       0.001357       0.000077
       2.793700       0.001381       0.000081
       2.823729       0.001405       0.000085
       2.853758       0.001431       0.000089
       2.883787       0.001459       0.000094
       2.913816       0.001488       0.000099
       2.943845       0.001518       0.000104
       2.973874       0.001550       0.000110
       3.003903       0.001584       0.000117
       3.033932       0.001620       0.000124
       3.063961       0.001658       0.000132
       3.093990       0.001698       0.000141
       3.124019       0.001741       0.000150
       3.154048       0.001787       0.000161
       3.184077       0.001836       0.000173
       3.214106       0.001888       0.000187
       3.244135       0.001944       0.000202
       3.274164       0.002005       0.000219
       3.304193       0.002071       0.000239
       3.334222       0.002142       0.000262
       3.364251       0.002220       0.000289
       3.394280       0.002305       0.000321
       3.424309       0.002398       0.000358
       3.454338       0.002500       0.000402
       3.484367       0.002616       0.000455
       3.514396       0.002751       0.000523
       3.544425       0.002905       0.000620
       3.574454       0.003071       0.000761
       3.604483       0.003231       0.000963
       3.634513       0.003340       0.001228
       3.664542       0.003365       0.001502
       3.694571       0.003347       0.001735
       3.724600       0.003326       0.001941
       3.754629       0.003321       0.002132
       3.784658       0.003348       0.002361
       3.814687       0.003334       0.002670
       3.844716       0.003210       0.002995
       3.874745       0.003011       0.003234
       3.904774       0.002867       0.003397
       3.934803       0.002786       0.003640
       3.964832       0.002593       0.003999
       3.994861       0.002191       0.004290
       4.024890       0.001749       0.004362
       4.054919       0.001445       0.004333
       4.084948       0.001223       0.004398
       4.114977       0.000825       0.004565
       4.145006       0.000151       0.004465
       4.175035      -0.000347       0.003815
       4.205064      -0.000112       0.003034
       4.235093       0.000613       0.002915
       4.265122       0.001001       0.003504
       4.295151       0.000719       0.004175
       4.325180       0.000050       0.004484
       4.355209      -0.000698       0.004372
       4.385238      -0.001279       0.003851
       4.415267      -0.001427       0.003159
       4.445296      -0.001258       0.002645
       4.475325      -0.000999       0.002303
       4.505354      -0.000653       0.002069
       4.535383      -0.000199       0.002026
       4.565412       0.000225       0.002285
       4.595441       0.000391       0.002779
       4.625470       0.000197       0.003267
       4.655499      -0.000233       0.003497
       4.685529      -0.000604       0.003445
       4.715558      -0.000833       0.003324
       4.745587      -0.000986       0.003173
       4.775616      -0.001027       0.003061
       4.805645      -0.001097       0.003060
       4.835674      -0.001266       0.003028
       4.865703      -0.001458       0.002898
       4.895732      -0.001582       0.002619
       4.925761      -0.001437       0.002312
       4.955790      -0.001114       0.002288
       4.985819      -0.000952       0.002582
       5.015848      -0.001168       0.002933
       5.045877      -0.001669       0.002953
       5.075906      -0.001977       0.002546
       5.105935      -0.001880       0.002145
       5.135964      -0.001626       0.001959
       5.165993      -0.001314       0.001973
       5.196022      -0.001069       0.002244
       5.226051      -0.001082       0.002677
       5.256080      -0.001381       0.003043
       5.286109      -0.001822       0.003232
       5.316138      -0.002322       0.003261
       5.346167      -0.002852       0.003128
       5.376196      -0.003376       0.002782
       5.406225      -0.003722       0.002192
       5.436254      -0.003744       0.001570
       5.466283      -0.003591       0.001139
       5.496312      -0.003481       0.000837
       5.526341      -0.003406       0.000491
       5.556370      -0.003220       0.000075
       5.586399      -0.002856      -0.000280
       5.616428      -0.002391      -0.000483
       5.646457      -0.001867      -0.000536
       5.676486      -0.001281      -0.000340
       5.706516      -0.000870       0.000230
       5.736545      -0.000946       0.000943
       5.766574      -0.001443       0.001368
       5.796603      -0.001960       0.001381
       5.826632      -0.002320       0.001251
       5.856661      -0.002681       0.001058
       5.886690      -0.003009       0.000650
       5.916719      -0.003098       0.000058
       5.946748      -0.002849      -0.000512
       5.976777      -0.002358      -0.000815
       6.006806      -0.001916      -0.000781
       6.036835      -0.001711      -0.000629
       6.066864      -0.001639      -0.000566
       6.096893      -0.001552      -0.000565
       6.126922      -0.001452      -0.000544
       6.156951      -0.001406      -0.000519
       6.186980      -0.001365      -0.000581
       6.217009      -0.001200      -0.000664
       6.247038      -0.000971      -0.000611
       6.277067      -0.000824      -0.000444
       6.307096      -0.000794      -0.000261
       6.337125      -0.000846      -0.000136
       6.367154      -0.000901      -0.000091
       6.397183      -0.000913      -0.000058
       6.427212      -0.000936       0.000011
       6.457241      -0.001018       0.000072
       6.487270      -0.001141       0.000070
       6.517299      -0.001250      -0.000010
       6.547328      -0.001304      -0.000147
       6.577357      -0.001274      -0.000299
       6.607386      -0.001177      -0.000405
       6.637415      -0.001071      -0.000459
       6.667444      -0.000957      -0.000490
       6.697473      -0.000827      -0.000468
       6.727503      -0.000746      -0.000385
       6.757532      -0.000736      -0.000315
       6.787561      -0.000738      -0.000297
       6.817590      -0.000706      -0.000294
       6.847619      -0.000658      -0.000263
       6.877648      -0.000631      -0.000206
       6.907677      -0.000631      -0.000156
       6.937706      -0.000629      -0.000105
       6.967735      -0.000660      -0.000033
       6.997764      -0.000749       0.000004
       7.027793      -0.000835      -0.000039
       7.057822      -0.000851      -0.000113
       7.087851      -0.000820      -0.000142
       7.117880      -0.000820      -0.000117
       7.147909      -0.000890      -0.000110
       7.177938      -0.000983      -0.000189
       7.207967      -0.001009      -0.000360
       7.237996      -0.000895      -0.000539
       7.268025      -0.000679      -0.000595
       7.298054      -0.000506      -0.000500
       7.328083      -0.000457      -0.000360
       7.358112      -0.000491      -0.000274
       7.388141      -0.000533      -0.000252
       7.418170      -0.000552      -0.000253
       7.448199      -0.000569      -0.000257
       7.478228      -0.000597      -0.000285
       7.508257      -0.000598      -0.000362
       7.538286      -0.000519      -0.000452
       7.568315      -0.000375      -0.000467
       7.598344      -0.000262      -0.000393
       7.628373      -0.000214      -0.000305
       7.658402      -0.000196      -0.000243
       7.688431      -0.000171      -0.000208
       7.718460      -0.000106      -0.000179
       7.748489       0.000009      -0.000090
       7.778519       0.000093       0.000104
       7.808548       0.000082       0.000355
       7.838577      -0.000042       0.000628
       7.868606      -0.000321       0.000856
       7.898635      -0.000705       0.000932
       7.928664      -0.001108       0.000835
       7.958693      -0.001458       0.000533
       7.988722      -0.001593       0.000060
       8.018751      -0.001430      -0.000383
       8.048780      -0.001084      -0.000606
       8.078809      -0.000759      -0.000584
       8.108838      -0.000577      -0.000443
       8.138867      -0.000502      -0.000307
       8.168896      -0.000467      -0.000189
       8.198925      -0.000452      -0.000062
       8.228954      -0.000472       0.000102
       8.258983      -0.000597       0.000309
       8.289012      -0.000880       0.000451
       8.319041      -0.001247       0.000450
       8.349070      -0.001697       0.000257
       8.379099      -0.002049      -0.000327
       8.409128      -0.001867      -0.001103
       8.439157      -0.001201      -0.001493
       8.469186      -0.000605      -0.001307
       8.499215      -0.000447      -0.000951
       8.529244      -0.000502      -0.000818
       8.559273      -0.000468      -0.000831
       8.589302      -0.000311      -0.000788
       8.619331      -0.000158      -0.000580
       8.649360      -0.000152      -0.000222
       8.679389      -0.000458       0.000207
       8.709418      -0.001232       0.000344
       8.739447      -0.002004      -0.000329
       8.769476      -0.001937      -0.001425
       8.799506      -0.001160      -0.001998
       8.829535      -0.000476      -0.001881
       8.859564      -0.000236      -0.001583
       8.889593      -0.000233      -0.001495
       8.919622      -0.000114      -0.001605
       8.949651       0.000197      -0.001634
       8.979680       0.000517      -0.001469
       9.009709       0.000730      -0.001159
       9.039738       0.000722      -0.000793
       9.069767       0.000535      -0.000625
       9.099796       0.000503      -0.000638
       9.129825       0.000605      -0.000488
       9.159854       0.000515      -0.000182
       9.189883       0.000164      -0.000037
       9.219912      -0.000128      -0.000239
       9.249941      -0.000085      -0.000480
       9.279970       0.000031      -0.000459
       9.309999      -0.000059      -0.000366
       9.340028      -0.000259      -0.000448
       9.370057      -0.000343      -0.000727
       9.400086      -0.000182      -0.000985
       9.430115       0.000025      -0.001056
       9.460144       0.000147      -0.001102
       9.490173       0.000313      -0.001207
       9.520202       0.000604      -0.001267
       9.550231       0.000972      -0.001162
       9.580260       0.001257      -0.000839
       9.610289       0.001324      -0.000438
       9.640318       0.001217      -0.000099
       9.670347       0.001003       0.000121
       9.700376       0.000771       0.000193
       9.730405       0.000595       0.000171
       9.760434       0.000456       0.000089
       9.790463       0.000415      -0.000100
       9.820492       0.000610      -0.000262
       9.850522       0.000918      -0.000171
       9.880551       0.001098       0.000162
       9.910580       0.001014       0.000573
       9.940609       0.000694       0.000837
       9.970638       0.000346       0.000862
      10.000667       0.000103       0.000759
      10.030696      -0.000048       0.000615
      10.060725      -0.000099       0.000451
      10.090754      -0.000041       0.000368
      10.120783      -0.000032       0.000433
      10.150812      -0.000190       0.000462
      10.180841      -0.000333       0.000318
      10.210870      -0.000330       0.000146
      10.240899      -0.000265       0.000053
      10.270928      -0.000210       0.000021
      10.300957      -0.000194       0.000004
      10.330986      -0.000177      -0.000037
      10.361015      -0.000129      -0.000038
      10.391044      -0.000159       0.000009
      10.421073      -0.000279      -0.000036
      10.451102      -0.000337      -0.000222
      10.481131      -0.000254      -0.000433
      10.511160      -0.000060      -0.000606
      10.541189       0.000273      -0.000679
      10.571218       0.000642      -0.000487
      10.601247       0.000774      -0.000093
      10.631276       0.000649       0.000221
      10.661305       0.000456       0.000376
      10.691334       0.000261       0.000434
      10.721363       0.000085       0.000381
      10.751392       0.000034       0.000255
      10.781421       0.000106       0.000209
      10.811450       0.000163       0.000300
      10.841479       0.000103       0.000446
      10.871509      -0.000070       0.000543
      10.901538      -0.000287       0.000538
      10.931567      -0.000504       0.000441
      10.961596      -0.000693       0.000226
      10.991625      -0.000736      -0.000092
      11.021654      -0.000596      -0.000346
      11.051683      -0.000417      -0.000452
      11.081712      -0.000302      -0.000490
      11.111741      -0.000227      -0.000555
      11.141770      -0.000104      -0.000653
      11.171799       0.000088      -0.000697
      11.201828       0.000276      -0.000651
      11.231857       0.000410      -0.000553
      11.261886       0.000491      -0.000452
      11.291915       0.000555      -0.000363
      11.321944       0.000606      -0.000266
      11.351973       0.000640      -0.000173
      11.382002       0.000665      -0.000066
      11.412031       0.000648       0.000039
      11.442060       0.000617       0.000117
      11.472089       0.000577       0.000174
      11.502118       0.000563       0.000204
      11.532147       0.000573       0.000273
      11.562176       0.000539       0.000367
      11.592205       0.000472       0.000448
      11.622234       0.000365       0.000506
      11.652263       0.000237       0.000490
      11.682292       0.000173       0.000408
      11.712321       0.000184       0.000352
      11.742350       0.000201       0.000349
      11.772379       0.000181       0.000362
      11.802408       0.000137       0.000329
      11.832437       0.000156       0.000247
      11.862466       0.000267       0.000219
      11.892495       0.000365       0.000311
      11.922525       0.000354       0.000441
      11.952554       0.000278       0.000504
      11.982583       0.000225       0.000509
      12.012612       0.000215       0.000512
      12.042641       0.000225       0.000561
      12.072670       0.000171       0.000649
      12.102699       0.000060       0.000684
      12.132728      -0.000046       0.000674
      12.162757      -0.000165       0.000618
      12.192786      -0.000241       0.000467
      12.222815      -0.000170       0.000291
      12.252844       0.000016       0.000248
      12.282873       0.000131       0.000367
      12.312902       0.000108       0.000483
      12.342931       0.000046       0.000523
      12.372960      -0.000001       0.000511
      12.402989       0.000006       0.000465
      12.433018       0.000097       0.000459
      12.463047       0.000187       0.000584
      12.493076       0.000138       0.000763
      12.523105      -0.000001       0.000852
      12.553134      -0.000119       0.000865
      12.583163      -0.000205       0.000863
      12.613192      -0.000284       0.000871
      12.643221      -0.000396       0.000879
      12.673250      -0.000544       0.000816
      12.703279      -0.000617       0.000652
      12.733308      -0.000535       0.000512
      12.763337      -0.000396       0.000539
      12.793366      -0.000376       0.000698
      12.823395      -0.000525       0.000836
      12.853424      -0.000757       0.000847
      12.883453      -0.000975       0.000742
      12.913482      -0.001163       0.000537
      12.943512      -0.001241       0.000207
      12.973541      -0.001092      -0.000116
      13.003570      -0.000829      -0.000256
      13.033599      -0.000607      -0.000245
      13.063628      -0.000480      -0.000160
      13.093657      -0.000455      -0.000099
      13.123686      -0.000434      -0.000122
      13.153715      -0.000328      -0.000154
      13.183744      -0.000188      -0.000092
      13.213773      -0.000110       0.000048
      13.243802      -0.000126       0.000190
      13.273831      -0.000181       0.000273
      13.303860      -0.000220       0.000348
      13.333889      -0.000311       0.000438
      13.363918      -0.000455       0.000441
      13.393947      -0.000518       0.000360
      13.423976      -0.000489       0.000353
      13.454005      -0.000539       0.000453
      13.484034      -0.000737       0.000486
      13.514063      -0.000931       0.000337
      13.544092      -0.000969       0.000107
      13.574121      -0.000883      -0.000055
      13.604150      -0.000776      -0.000122
      13.634179      -0.000707      -0.000135
      13.664208      -0.000672      -0.000160
      13.694237      -0.000604      -0.000203
      13.724266      -0.000491      -0.000190
      13.754295      -0.000406      -0.000079
      13.784324      -0.000443       0.000092
      13.814353      -0.000626       0.000188
      13.844382      -0.000836       0.000127
      13.874411      -0.000979      -0.000042
      13.904440      -0.001024      -0.000273
      13.934469      -0.000944      -0.000507
      13.964498      -0.000752      -0.000660
      13.994528      -0.000542      -0.000673
      14.024557      -0.000410      -0.000605
      14.054586      -0.000341      -0.000536
      14.084615      -0.000299      -0.000463
      14.114644      -0.000314      -0.000380
      14.144673      -0.000396      -0.000344
      14.174702      -0.000506      -0.000407
      14.204731      -0.000554      -0.000587
      14.234760      -0.000448      -0.000799
      14.264789      -0.000231      -0.000924
      14.294818       0.000024      -0.000956
      14.324847       0.000299      -0.000884
      14.354876       0.000536      -0.000690
      14.384905       0.000667      -0.000414
      14.414934       0.000677      -0.000119
      14.444963       0.000568       0.000140
      14.474992       0.000378       0.000290
      14.505021       0.000217       0.000324
      14.535050       0.000127       0.000337
      14.565079       0.000049       0.000369
      14.595108      -0.000029       0.000399
      14.625137      -0.000123       0.000444
      14.655166      -0.000268       0.000456
      14.685195      -0.000400       0.000383
      14.715224      -0.000456       0.000283
      14.745253      -0.000462       0.000214
      14.775282      -0.000457       0.000190
      14.805311      -0.000486       0.000198
      14.835340      -0.000551       0.000184
      14.865369      -0.000619       0.000144
      14.895398      -0.000689       0.000074
      14.925427      -0.000732      -0.000040
      14.955456      -0.000706      -0.000160
      14.985485      -0.000645      -0.000230
      15.015515      -0.000588      -0.000267
      15.045544      -0.000540      -0.000274
      15.075573      -0.000529      -0.000269
      15.105602      -0.000535      -0.000295
      15.135631      -0.000516      -0.000341
      15.165660      -0.000468      -0.000367
      15.195689      -0.000430      -0.000355
      15.225718      -0.000422      -0.000344
      15.255747      -0.000419      -0.000333
      15.285776      -0.000452      -0.000326
      15.315805      -0.000486      -0.000371
      15.345834      -0.000486      -0.000419
      15.375863      -0.000498      -0.000467
      15.405892      -0.000504      -0.000552
      15.435921      -0.000460      -0.000670
      15.465950      -0.000341      -0.000776
      15.495979      -0.000158      -0.000813
      15.526008       0.000019      -0.000735
      15.556037       0.000103      -0.000595
      15.586066       0.000110      -0.000480
      15.616095       0.000093      -0.000407
      15.646124       0.000090      -0.000359
      15.676153       0.000094      -0.000283
      15.706182       0.000043      -0.000189
      15.736211      -0.000063      -0.000141
      15.766240      -0.000177      -0.000170
      15.796269      -0.000240      -0.000269
      15.826298      -0.000201      -0.000371
      15.856327      -0.000110      -0.000384
      15.886356      -0.000070      -0.000316
      15.916385      -0.000114      -0.000254
      15.946414      -0.000197      -0.000250
      15.976443      -0.000265      -0.000315
      16.006472      -0.000272      -0.000406
      16.036502      -0.000243      -0.000467
      16.066531      -0.000219      -0.000520
      16.096560      -0.000174      -0.000588
      16.126589      -0.000089      -0.000630
      16.156618      -0.000012      -0.000634
      16.186647       0.000055      -0.000647
      16.216676       0.000173      -0.000649
      16.246705       0.000294      -0.000554
      16.276734       0.000316      -0.000423
      16.306763       0.000297      -0.000349
      16.336792       0.000295      -0.000281
      16.366821       0.000263      -0.000194
      16.396850       0.000185      -0.000141
      16.426879       0.000118      -0.000141
      16.456908       0.000086      -0.000142
      16.486937       0.000037      -0.000117
      16.516966      -0.000060      -0.000125
      16.546995      -0.000150      -0.000214
      16.577024      -0.000157      -0.000355
      16.607053      -0.000072      -0.000451
      16.637082       0.000010      -0.000471
      16.667111       0.000064      -0.000493
      16.697140       0.000160      -0.000513
      16.727169       0.000273      -0.000460
      16.757198       0.000331      -0.000341
      16.787227       0.000295      -0.000220
      16.817256       0.000200      -0.000173
      16.847285       0.000127      -0.000202
      16.877314       0.000103      -0.000248
      16.907343       0.000087      -0.000295
      16.937372       0.000107      -0.000392
      16.967401       0.000251      -0.000463
      16.997430       0.000424      -0.000370
      17.027459       0.000461      -0.000179
      17.057488       0.000372      -0.000046
      17.087518       0.000255       0.000001
      17.117547       0.000149      -0.000020
      17.147576       0.000097      -0.000085
      17.177605       0.000088      -0.000131
      17.207634       0.000072      -0.000170
      17.237663       0.000068      -0.000228
      17.267692       0.000086      -0.000300
      17.297721       0.000158      -0.000388
      17.327750       0.000313      -0.000426
      17.357779       0.000484      -0.000346
      17.387808       0.000574      -0.000166
      17.417837       0.000535       0.000017
      17.447866       0.000436       0.000125
      17.477895       0.000329       0.000186
      17.507924       0.000206       0.000199
      17.537953       0.000109       0.000158
      17.567982       0.000045       0.000095
      17.598011       0.000024       0.000016
      17.628040       0.000046      -0.000031
      17.658069       0.000047      -0.000047
      17.688098       0.000040      -0.000091
      17.718127       0.000071      -0.000142
      17.748156       0.000125      -0.000157
      17.778185       0.000159      -0.000148
      17.808214       0.000185      -0.000151
      17.838243       0.000237      -0.000148
      17.868272       0.000293      -0.000098
      17.898301       0.000300      -0.000011
      17.928330       0.000241       0.000046
      17.958359       0.000179       0.000031
      17.988388       0.000176      -0.000017
      18.018417       0.000228      -0.000026
      18.048446       0.000265       0.000026
      18.078475       0.000256       0.000092
      18.108505       0.000214       0.000146
      18.138534       0.000146       0.000177
      18.168563       0.000060       0.000171
      18.198592      -0.000017       0.000105
      18.228621      -0.000024      -0.000005
      18.258650       0.000050      -0.000080
      18.288679       0.000140      -0.000076
      18.318708       0.000188      -0.000027
      18.348737       0.000197       0.000016
      18.378766       0.000209       0.000039
      18.408795       0.000238       0.000091
      18.438824       0.000218       0.000184
      18.468853       0.000130       0.000233
      18.498882       0.000063       0.000219
      18.528911       0.000030       0.000210
      18.558940      -0.000017       0.000210
      18.588969      -0.000072       0.000177
      18.618998      -0.000086       0.000128
      18.649027      -0.000080       0.000113
      18.679056      -0.000104       0.000116
      18.709085      -0.000149       0.000098
      18.739114      -0.000202       0.000051
      18.769143      -0.000233      -0.000052
      18.799172      -0.000178      -0.000167
      18.829201      -0.000077      -0.000218
      18.859230       0.000025      -0.000225
      18.889259       0.000142      -0.000179
      18.919288       0.000207      -0.000040
      18.949317       0.000136       0.000098
      18.979346       0.000010       0.000116
      19.009375      -0.000043       0.000057
      19.039404      -0.000030       0.000038
      19.069433      -0.000048       0.000076
      19.099462      -0.000137       0.000085
      19.129491      -0.000218       0.000013
      19.159521      -0.000238      -0.000087
      19.189550      -0.000219      -0.000165
      19.219579      -0.000197      -0.000229
      19.249608      -0.000166      -0.000305
      19.279637      -0.000091      -0.000385
      19.309666       0.000027      -0.000416
      19.339695       0.000126      -0.000379
      19.369724       0.000167      -0.000327
      19.399753       0.000169      -0.000315
      19.429782       0.000205      -0.000367
      19.459811       0.000346      -0.000410
      19.489840       0.000549      -0.000315
      19.519869       0.000646      -0.000069
      19.549898       0.000549       0.000167
      19.579927       0.000369       0.000256
      19.609956       0.000242       0.000236
      19.639985       0.000183       0.000200
      19.670014       0.000149       0.000183
      19.700043       0.000108       0.000166
      19.730072       0.000084       0.000122
      19.760101       0.000110       0.000086
      19.790130       0.000145       0.000103
      19.820159       0.000152       0.000133
      19.850188       0.000170       0.000172
      19.880217       0.000160       0.000268
      19.910246       0.000055       0.000357
      19.940275      -0.000086       0.000356
      19.970304      -0.000191       0.000300
      20.000333      -0.000269       0.000226
      20.030362      -0.000316       0.000128
      20.060391      -0.000311       0.000034
      20.090420      -0.000272      -0.000013
      20.120449      -0.000264       0.000003
      20.150478      -0.000339       0.000020
      20.180508      -0.000469      -0.000042
      20.210537      -0.000574      -0.000204
      20.240566      -0.000606      -0.000420
      20.270595      -0.000570      -0.000659
      20.300624      -0.000446      -0.000917
      20.330653      -0.000205      -0.001149
      20.360682       0.000140      -0.001285
      20.390711       0.000518      -0.001278
      20.420740       0.000860      -0.001160
      20.450769       0.001168      -0.000965
      20.480798       0.001439      -0.000672
      20.510827       0.001616      -0.000273
      20.540856       0.001638       0.000201
      20.570885       0.001425       0.000659
      20.600914       0.001043       0.000895
      20.630943       0.000742       0.000913
      20.660972       0.000568       0.000916
      20.691001       0.000382       0.000962
      20.721030       0.000138       0.000945
      20.751059      -0.000070       0.000818
      20.781088      -0.000185       0.000648
      20.811117      -0.000226       0.000485
      20.841146      -0.000212       0.000344
      20.871175      -0.000150       0.000248
      20.901204      -0.000083       0.000219
      20.931233      -0.000063       0.000223
      20.961262      -0.000073       0.000198
      20.991291      -0.000052       0.000147
      21.021320       0.000006       0.000121
      21.051349       0.000065       0.000141
      21.081378       0.000093       0.000194
      21.111407       0.000078       0.000248
      21.141436       0.000041       0.000279
      21.171465      -0.000003       0.000293
      21.201494      -0.000055       0.000288
      21.231524      -0.000105       0.000255
      21.261553      -0.000129       0.000196
      21.291582      -0.000116       0.000140
      21.321611      -0.000086       0.000105
      21.351640      -0.000048       0.000084
      21.381669       0.000002       0.000082
      21.411698       0.000050       0.000116
      21.441727       0.000064       0.000183
      21.471756       0.000021       0.000244
      21.501785      -0.000050       0.000253
      21.531814      -0.000098       0.000218
      21.561843      -0.000108       0.000177
      21.591872      -0.000100       0.000154
      21.621901      -0.000094       0.000145
      21.651930      -0.000096       0.000140
      21.681959      -0.000098       0.000130
      21.711988      -0.000096       0.000120
      21.742017      -0.000094       0.000119
      21.772046      -0.000107       0.000120
      21.802075      -0.000124       0.000098
      21.832104      -0.000121       0.000064
      21.862133      -0.000098       0.000040
      21.892162      -0.000070       0.000031
      21.922191      -0.000043       0.000037
      21.952220      -0.000027       0.000053
      21.982249      -0.000020       0.000065
      22.012278      -0.000012       0.000077
      22.042307      -0.000007       0.000098
      22.072336      -0.000018       0.000121
      22.102365      -0.000039       0.000131
      22.132394      -0.000057       0.000130
      22.162423      -0.000067       0.000127
      22.192452      -0.000078       0.000126
      22.222481      -0.000095       0.000122
      22.252511      -0.000109       0.000109
      22.282540      -0.000118       0.000091
      22.312569      -0.000120       0.000071
      22.342598      -0.000114       0.000048
      22.372627      -0.000092       0.000030
      22.402656      -0.000061       0.000031
      22.432685      -0.000040       0.000056
      22.462714      -0.000046       0.000088
      22.492743      -0.000075       0.000102
      22.522772      -0.000101       0.000089
      22.552801      -0.000105       0.000064
      22.582830      -0.000090       0.000054
      22.612859      -0.000080       0.000064
      22.642888      -0.000090       0.000076
      22.672917      -0.000108       0.000073
      22.702946      -0.000117       0.000060
      22.732975      -0.000120       0.000050
      22.763004      -0.000125       0.000041
      22.793033      -0.000131       0.000026
      22.823062      -0.000129       0.000004
      22.853091      -0.000115      -0.000018
      22.883120      -0.000090      -0.000031
      22.913149      -0.000061      -0.000028
      22.943178      -0.000040      -0.000009
      22.973207      -0.000036       0.000016
      23.003236      -0.000049       0.000038
      23.033265      -0.000073       0.000042
      23.063294      -0.000090       0.000027
      23.093323      -0.000090       0.000007
      23.123352      -0.000081      -0.000005
      23.153381      -0.000069      -0.000013
      23.183410      -0.000054      -0.000014
      23.213439      -0.000039      -0.000005
      23.243468      -0.000034       0.000010
      23.273497      -0.000038       0.000023
      23.303527      -0.000046       0.000029
      23.333556      -0.000054       0.000030
      23.363585      -0.000060       0.000030
      23.393614      -0.000064       0.000027
      23.423643      -0.000067       0.000027
      23.453672      -0.000073       0.000025
      23.483701      -0.000078       0.000019
      23.513730      -0.000080       0.000012
      23.543759      -0.000080       0.000005
      23.573788      -0.000077      -0.000001
      23.603817      -0.000074      -0.000006
      23.633846      -0.000070      -0.000011
      23.663875      -0.000065      -0.000015
      23.693904      -0.000057      -0.000017
      23.723933      -0.000050      -0.000014
      23.753962      -0.000046      -0.000009
      23.783991      -0.000046      -0.000003
      23.814020      -0.000050      -0.000002
      23.844049      -0.000052      -0.000003
      23.874078      -0.000051      -0.000005
      23.904107      -0.000050      -0.000006
      23.934136      -0.000050      -0.000006
      23.964165      -0.000049      -0.000007
      23.994194      -0.000047      -0.000007
      24.024223      -0.000046      -0.000007
      24.054252      -0.000045      -0.000005
      24.084281      -0.000047      -0.000004
      24.114310      -0.000050      -0.000004
      24.144339      -0.000053      -0.000008
      24.174368      -0.000054      -0.000013
      24.204397      -0.000051      -0.000018
      24.234426      -0.000047      -0.000023
      24.264455      -0.000041      -0.000026
      24.294484      -0.000033      -0.000027
      24.324514      -0.000024      -0.000023
      24.354543      -0.000020      -0.000014
      24.384572      -0.000022      -0.000007
      24.414601      -0.000027      -0.000003
      24.444630      -0.000030      -0.000004
      24.474659      -0.000032      -0.000005
      24.504688      -0.000032      -0.000006
      24.534717      -0.000032      -0.000008
      24.564746      -0.000031      -0.000009
      24.594775      -0.000030      -0.000009
      24.624804      -0.000029      -0.000009
      24.654833      -0.000028      -0.000009
      24.684862      -0.000026      -0.000010
      24.714891      -0.000024      -0.000009
      24.744920      -0.000022      -0.000007
      24.774949      -0.000021      -0.000005
      24.804978      -0.000022      -0.000002
      24.835007      -0.000023      -0.000001
      24.865036      -0.000024      -0.000000
      24.895065      -0.000025       0.000001
      24.925094      -0.000028       0.000001
      24.955123      -0.000030      -0.000001
      24.985152      -0.000030      -0.000004
      25.015181      -0.000029      -0.000007
      25.045210      -0.000026      -0.000008
      25.075239      -0.000023      -0.000008
      25.105268      -0.000020      -0.000006
      25.135297      -0.000018      -0.000004
      25.165326      -0.000018      -0.000000
      25.195355      -0.000020       0.000002
      25.225384      -0.000022       0.000003
      25.255413      -0.000024       0.000002
      25.285442      -0.000024       0.000001
      25.315471      -0.000024       0.000001
      25.345501      -0.000024       0.000001
      25.375530      -0.000024       0.000001
      25.405559      -0.000024       0.000002
      25.435588      -0.000025       0.000002
      25.465617      -0.000026       0.000001
      25.495646      -0.000026       0.000000
      25.525675      -0.000026      -0.000000
      25.555704      -0.000025      -0.000001
      25.585733      -0.000025      -0.000001
      25.615762      -0.000025      -0.000001
      25.645791      -0.000025      -0.000001
      25.675820      -0.000025      -0.000002
      25.705849      -0.000024      -0.000002
      25.735878      -0.000023      -0.000003
      25.765907      -0.000022      -0.000002
      25.795936      -0.000021      -0.000002
      25.825965      -0.000020      -0.000002
      25.855994      -0.000019       0.000000
      25.886023      -0.000019       0.000003
      25.916052      -0.000021       0.000004
      25.946081      -0.000023       0.000004
      25.976110      -0.000024       0.000003
      26.006139      -0.000025       0.000002
      26.036168      -0.000025       0.000001
      26.066197      -0.000024      -0.000000
      26.096226      -0.000023      -0.000001
      26.126255      -0.000022      -0.000001
      26.156284      -0.000021      -0.000000
      26.186313      -0.000021       0.000000
      26.216342      -0.000021       0.000000
      26.246371      -0.000021       0.000000
      26.276400      -0.000020       0.000001
      26.306429      -0.000020       0.000001
      26.336458      -0.000021       0.000002
      26.366487      -0.000020       0.000001
      26.396517      -0.000019       0.000001
      26.426546      -0.000019       0.000003
      26.456575      -0.000019       0.000004
      26.486604      -0.000020       0.000005
      26.516633      -0.000022       0.000005
      26.546662      -0.000022       0.000005
      26.576691      -0.000022       0.000004
      26.606720      -0.000022       0.000004
      26.636749      -0.000023       0.000005
      26.666778      -0.000023       0.000005
      26.696807      -0.000025       0.000005
      26.726836      -0.000025       0.000003
      26.756865      -0.000024       0.000002
      26.786894      -0.000023       0.000002
      26.816923      -0.000023       0.000003
      26.846952      -0.000024       0.000003
      26.876981      -0.000024       0.000003
      26.907010      -0.000024       0.000003
      26.937039      -0.000024       0.000003
      26.967068      -0.000024       0.000003
      26.997097      -0.000024       0.000004
      27.027126      -0.000025       0.000004
      27.057155      -0.000026       0.000004
      27.087184      -0.000027       0.000003
      27.117213      -0.000027       0.000001
      27.147242      -0.000027      -0.000001
      27.177271      -0.000025      -0.000002
      27.207300      -0.000024      -0.000002
      27.237329      -0.000022      -0.000001
      27.267358      -0.000021       0.000000
      27.297387      -0.000022       0.000002
      27.327416      -0.000023       0.000002
      27.357445      -0.000023       0.000002
      27.387474      -0.000024       0.000001
      27.417504      -0.000023       0.000001
      27.447533      -0.000023       0.000001
      27.477562      -0.000022       0.000002
      27.507591      -0.000023       0.000002
      27.537620      -0.000024       0.000002
      27.567649      -0.000024       0.000001
      27.597678      -0.000024       0.000000
      27.627707      -0.000023      -0.000000
      27.657736      -0.000022      -0.000000
      27.687765      -0.000022       0.000001
      27.717794      -0.000022       0.000002
      27.747823      -0.000023       0.000002
      27.777852      -0.000024       0.000001
      27.807881      -0.000024       0.000000
      27.837910      -0.000023      -0.000001
      27.867939      -0.000022      -0.000000
      27.897968      -0.000022       0.000001
      27.927997      -0.000023       0.000001
      27.958026      -0.000023       0.000001
      27.988055      -0.000023      -0.000001
      28.018084      -0.000022      -0.000001
      28.048113      -0.000020      -0.000000
      28.078142      -0.000020       0.000001
      28.108171      -0.000021       0.000003
      28.138200      -0.000022       0.000003
      28.168229      -0.000022       0.000002
      28.198258      -0.000022       0.000002
      28.228287      -0.000022       0.000001
      28.258316      -0.000022       0.000002
      28.288345      -0.000022       0.000002
      28.318374      -0.000022       0.000002
      28.348403      -0.000022       0.000003
      28.378432      -0.000022       0.000003
      28.408461      -0.000023       0.000003
      28.438490      -0.000024       0.000003
      28.468520      -0.000024       0.000002
      28.498549      -0.000024       0.000001
      28.528578      -0.000024       0.000001
      28.558607      -0.000023       0.000001
      28.588636      -0.000023       0.000000
      28.618665      -0.000022       0.000001
      28.648694      -0.000022       0.000001
      28.678723      -0.000022       0.000001
      28.708752      -0.000022       0.000001
      28.738781      -0.000022       0.000002
      28.768810      -0.000022       0.000002
      28.798839      -0.000023       0.000002
      28.828868      -0.000023       0.000001
      28.858897      -0.000023       0.000000
      28.888926      -0.000022      -0.000001
      28.918955      -0.000021      -0.000001
      28.948984      -0.000019      -0.000000
      28.979013      -0.000018       0.000001
      29.009042      -0.000017       0.000003
      29.039071      -0.000018       0.000006
      29.069100      -0.000019       0.000008
      29.099129      -0.000021       0.000009
      29.129158      -0.000023       0.000009
      29.159187      -0.000025       0.000008
      29.189216      -0.000026       0.000007
      29.219245      -0.000026       0.000006
      29.249274      -0.000026       0.000005
      29.279303      -0.000026       0.000005
      29.309332      -0.000026       0.000005
      29.339361      -0.000026       0.000005
      29.369390      -0.000027       0.000005
      29.399419      -0.000027       0.000004
      29.429448      -0.000027       0.000004
      29.459477      -0.000028       0.000004
      29.489507      -0.000028       0.000003
      29.519536      -0.000028       0.000003
      29.549565      -0.000028       0.000002
      29.579594      -0.000027       0.000002
      29.609623      -0.000027       0.000002
      29.639652      -0.000027       0.000002
      29.669681      -0.000027       0.000002
      29.699710      -0.000027       0.000001
      29.729739      -0.000027       0.000001
      29.759768      -0.000026       0.000002
      29.789797      -0.000026       0.000002
      29.819826      -0.000026       0.000003
      29.849855      -0.000026       0.000003
      29.879884      -0.000027       0.000003
      29.909913      -0.000027       0.000003
      29.939942      -0.000028       0.000004
      29.969971      -0.000028       0.000004
      30.000000      -0.000029       0.000003
