  # energy grid [eV]     epsr     epsi
       0.001000       6.548629       0.000031
       0.031029       6.548781       0.000977
       0.061058       6.549215       0.001924
       0.091087       6.549934       0.002871
       0.121116       6.550937       0.003819
       0.151145       6.552224       0.004770
       0.181174       6.553797       0.005722
       0.211203       6.555656       0.006677
       0.241232       6.557801       0.007635
       0.271261       6.560234       0.008596
       0.301290       6.562955       0.009562
       0.331319       6.565967       0.010531
       0.361348       6.569270       0.011506
       0.391377       6.572866       0.012485
       0.421406       6.576756       0.013471
       0.451435       6.580943       0.014463
       0.481464       6.585428       0.015461
       0.511493       6.590213       0.016466
       0.541523       6.595301       0.017480
       0.571552       6.600694       0.018501
       0.601581       6.606394       0.019531
       0.631610       6.612404       0.020571
       0.661639       6.618727       0.021620
       0.691668       6.625367       0.022680
       0.721697       6.632325       0.023750
       0.751726       6.639606       0.024832
       0.781755       6.647213       0.025927
       0.811784       6.655150       0.027034
       0.841813       6.663421       0.028155
       0.871842       6.672029       0.029289
       0.901871       6.680980       0.030439
       0.931900       6.690277       0.031604
       0.961929       6.699926       0.032786
       0.991958       6.709931       0.033984
       1.021987       6.720298       0.035201
       1.052016       6.731032       0.036436
       1.082045       6.742139       0.037690
       1.112074       6.753625       0.038965
       1.142103       6.765496       0.040262
       1.172132       6.777758       0.041581
       1.202161       6.790419       0.042923
       1.232190       6.803485       0.044289
       1.262219       6.816964       0.045681
       1.292248       6.830864       0.047100
       1.322277       6.845192       0.048546
       1.352306       6.859958       0.050022
       1.382335       6.875170       0.051527
       1.412364       6.890837       0.053065
       1.442393       6.906969       0.054636
       1.472422       6.923576       0.056241
       1.502451       6.940669       0.057883
       1.532480       6.958259       0.059562
       1.562510       6.976357       0.061281
       1.592539       6.994975       0.063042
       1.622568       7.014126       0.064846
       1.652597       7.033824       0.066695
       1.682626       7.054081       0.068592
       1.712655       7.074913       0.070539
       1.742684       7.096334       0.072538
       1.772713       7.118361       0.074592
       1.802742       7.141010       0.076703
       1.832771       7.164299       0.078875
       1.862800       7.188246       0.081110
       1.892829       7.212871       0.083411
       1.922858       7.238193       0.085783
       1.952887       7.264234       0.088228
       1.982916       7.291016       0.090750
       2.012945       7.318563       0.093355
       2.042974       7.346900       0.096045
       2.073003       7.376053       0.098826
       2.103032       7.406049       0.101702
       2.133061       7.436918       0.104680
       2.163090       7.468690       0.107765
       2.193119       7.501399       0.110963
       2.223148       7.535078       0.114281
       2.253177       7.569763       0.117725
       2.283206       7.605494       0.121305
       2.313235       7.642312       0.125028
       2.343264       7.680259       0.128904
       2.373293       7.719383       0.132942
       2.403322       7.759733       0.137152
       2.433351       7.801361       0.141548
       2.463380       7.844323       0.146141
       2.493409       7.888679       0.150945
       2.523438       7.934494       0.155975
       2.553467       7.981836       0.161249
       2.583496       8.030779       0.166785
       2.613526       8.081403       0.172602
       2.643555       8.133791       0.178723
       2.673584       8.188038       0.185174
       2.703613       8.244241       0.191981
       2.733642       8.302510       0.199175
       2.763671       8.362960       0.206791
       2.793700       8.425719       0.214867
       2.823729       8.490926       0.223447
       2.853758       8.558732       0.232580
       2.883787       8.629303       0.242323
       2.913816       8.702821       0.252739
       2.943845       8.779487       0.263901
       2.973874       8.859524       0.275896
       3.003903       8.943178       0.288822
       3.033932       9.030724       0.302794
       3.063961       9.122468       0.317951
       3.093990       9.218756       0.334456
       3.124019       9.319975       0.352505
       3.154048       9.426566       0.372337
       3.184077       9.539026       0.394250
       3.214106       9.657926       0.418612
       3.244135       9.783914       0.445897
       3.274164       9.917726       0.476718
       3.304193      10.060191       0.511887
       3.334222      10.212209       0.552503
       3.364251      10.374678       0.600065
       3.394280      10.548307       0.656594
       3.424309      10.733228       0.724597
       3.454338      10.928616       0.806459
       3.484367      11.133558       0.903273
       3.514396      11.349847       1.016293
       3.544425      11.579666       1.152712
       3.574454      11.815634       1.323305
       3.604483      12.039977       1.527973
       3.634513      12.243126       1.746544
       3.664542      12.444790       1.960816
       3.694571      12.670564       2.183933
       3.724600      12.926016       2.441134
       3.754629      13.205287       2.759660
       3.784658      13.482444       3.166981
       3.814687      13.713636       3.673231
       3.844716      13.844560       4.262184
       3.874745      13.834296       4.868426
       3.904774      13.718793       5.410129
       3.934803      13.579072       5.887706
       3.964832      13.424300       6.360866
       3.994861      13.200748       6.828669
       4.024890      12.911701       7.222312
       4.054919      12.638681       7.529625
       4.084948      12.412634       7.824590
       4.114977      12.183066       8.145016
       4.145006      11.918991       8.465744
       4.175035      11.630309       8.773515
       4.205064      11.304364       9.081036
       4.235093      10.906668       9.353330
       4.265122      10.476035       9.528257
       4.295151      10.087989       9.632075
       4.325180       9.725435       9.735930
       4.355209       9.323408       9.821131
       4.385238       8.889647       9.822055
       4.415267       8.478607       9.704559
       4.445296       8.170742       9.475824
       4.475325       8.025458       9.216782
       4.505354       8.019204       9.016426
       4.535383       8.102025       8.913235
       4.565412       8.234684       8.927463
       4.595441       8.367130       9.083118
       4.625470       8.411078       9.371635
       4.655499       8.300388       9.695293
       4.685529       8.092558       9.937168
       4.715558       7.917968      10.107488
       4.745587       7.799932      10.339540
       4.775616       7.599587      10.694957
       4.805645       7.197560      11.049932
       4.835674       6.656746      11.236662
       4.865703       6.137146      11.226863
       4.895732       5.734449      11.108380
       4.925761       5.453258      10.975553
       4.955790       5.264537      10.890269
       4.985819       5.107380      10.905506
       5.015848       4.880515      11.003187
       5.045877       4.551646      11.089788
       5.075906       4.163510      11.105369
       5.105935       3.765648      11.035125
       5.135964       3.401144      10.885829
       5.165993       3.112515      10.685918
       5.196022       2.915189      10.503831
       5.226051       2.750534      10.401993
       5.256080       2.524779      10.356766
       5.286109       2.220040      10.262874
       5.316138       1.937070      10.065738
       5.346167       1.761195       9.847446
       5.376196       1.643997       9.720695
       5.406225       1.453072       9.683891
       5.436254       1.137663       9.605393
       5.466283       0.799118       9.392440
       5.496312       0.543383       9.093889
       5.526341       0.372108       8.795635
       5.556370       0.235380       8.524614
       5.586399       0.107393       8.258180
       5.616428       0.000912       7.978746
       5.646457      -0.065401       7.694465
       5.676486      -0.086004       7.430724
       5.706516      -0.083862       7.215114
       5.736545      -0.104131       7.042990
       5.766574      -0.170463       6.866808
       5.796603      -0.250263       6.634484
       5.826632      -0.272202       6.349167
       5.856661      -0.201377       6.082323
       5.886690      -0.085037       5.902811
       5.916719      -0.005129       5.804018
       5.946748       0.008059       5.718727
       5.976777      -0.009983       5.601080
       6.006806      -0.019988       5.457489
       6.036835      -0.013904       5.311920
       6.066864      -0.004594       5.174170
       6.096893       0.000801       5.036039
       6.126922       0.008313       4.892566
       6.156951       0.019879       4.749654
       6.186980       0.023472       4.603673
       6.217009       0.026534       4.428549
       6.247038       0.070689       4.226100
       6.277067       0.170475       4.043567
       6.307096       0.289601       3.913006
       6.337125       0.390281       3.820206
       6.367154       0.467222       3.738037
       6.397183       0.528025       3.654692
       6.427212       0.578186       3.561238
       6.457241       0.633743       3.452112
       6.487270       0.708288       3.341882
       6.517299       0.793116       3.246975
       6.547328       0.872722       3.164687
       6.577357       0.945993       3.083010
       6.607386       1.020179       2.999375
       6.637415       1.097632       2.917150
       6.667444       1.177120       2.838067
       6.697473       1.256395       2.763412
       6.727503       1.327917       2.689441
       6.757532       1.394781       2.598474
       6.787561       1.482963       2.487494
       6.817590       1.605858       2.380997
       6.847619       1.751841       2.300255
       6.877648       1.900899       2.249865
       6.907677       2.039774       2.218958
       6.937706       2.171005       2.196882
       6.967735       2.297757       2.185449
       6.997764       2.413539       2.184424
       7.027793       2.515718       2.185272
       7.057822       2.607856       2.181560
       7.087851       2.695427       2.168922
       7.117880       2.786684       2.147588
       7.147909       2.885232       2.124082
       7.177938       2.986829       2.101089
       7.207967       3.090853       2.072613
       7.237996       3.205990       2.035498
       7.268025       3.341681       1.994327
       7.298054       3.505343       1.959777
       7.328083       3.696617       1.949242
       7.358112       3.901214       1.978049
       7.388141       4.097064       2.046918
       7.418170       4.270116       2.142478
       7.448199       4.418816       2.250817
       7.478228       4.545390       2.364097
       7.508257       4.650587       2.473644
       7.538286       4.743512       2.568621
       7.568315       4.839054       2.649702
       7.598344       4.943879       2.724415
       7.628373       5.062690       2.797667
       7.658402       5.199822       2.880930
       7.688431       5.346820       2.986561
       7.718460       5.489992       3.113184
       7.748489       5.627274       3.248129
       7.778519       5.775331       3.388093
       7.808548       5.944489       3.555665
       7.838577       6.117738       3.773148
       7.868606       6.271182       4.044570
       7.898635       6.383934       4.367465
       7.928664       6.425386       4.734737
       7.958693       6.357217       5.101914
       7.988722       6.198441       5.385889
       8.018751       6.038133       5.553947
       8.048780       5.951897       5.650644
       8.078809       5.966989       5.756821
       8.108838       6.040763       5.959749
       8.138867       6.066923       6.279680
       8.168896       5.971205       6.635734
       8.198925       5.790137       6.937482
       8.228954       5.589629       7.196218
       8.258983       5.345242       7.442306
       8.289012       5.036172       7.617156
       8.319041       4.736662       7.677001
       8.349070       4.515593       7.668393
       8.379099       4.382533       7.652821
       8.409128       4.320509       7.682404
       8.439157       4.278892       7.794456
       8.469186       4.190426       7.977967
       8.499215       4.018628       8.174268
       8.529244       3.786945       8.316627
       8.559273       3.570837       8.386815
       8.589302       3.427877       8.455600
       8.619331       3.303078       8.617831
       8.649360       3.074815       8.852475
       8.679389       2.713491       9.042766
       8.709418       2.287670       9.115887
       8.739447       1.873534       9.069106
       8.769476       1.528209       8.932633
       8.799506       1.290778       8.775982
       8.829535       1.117805       8.693675
       8.859564       0.890487       8.690758
       8.889593       0.545457       8.652478
       8.919622       0.169474       8.460308
       8.949651      -0.087622       8.151974
       8.979680      -0.207483       7.868258
       9.009709      -0.286674       7.667741
       9.039738      -0.397577       7.509189
       9.069767      -0.545386       7.324456
       9.099796      -0.674668       7.073058
       9.129825      -0.716879       6.787634
       9.159854      -0.671131       6.551599
       9.189883      -0.613337       6.397386
       9.219912      -0.588736       6.272146
       9.249941      -0.563904       6.138840
       9.279970      -0.515448       6.023448
       9.309999      -0.464478       5.944898
       9.340028      -0.431961       5.895315
       9.370057      -0.429118       5.856583
       9.400086      -0.447932       5.803786
       9.430115      -0.459601       5.736124
       9.460144      -0.461492       5.682890
       9.490173      -0.486590       5.648216
       9.520202      -0.551281       5.594976
       9.550231      -0.623759       5.483228
       9.580260      -0.642895       5.323789
       9.610289      -0.588400       5.180483
       9.640318      -0.504460       5.100028
       9.670347      -0.446364       5.069368
       9.700376      -0.429039       5.044922
       9.730405      -0.433199       4.994899
       9.760434      -0.423794       4.911780
       9.790463      -0.370918       4.817967
       9.820492      -0.269897       4.755490
       9.850522      -0.158546       4.759119
       9.880551      -0.088211       4.810074
       9.910580      -0.060485       4.861899
       9.940609      -0.047498       4.905061
       9.970638      -0.044029       4.948864
      10.000667      -0.045731       4.991781
      10.030696      -0.043524       5.050834
      10.060725      -0.064838       5.152889
      10.090754      -0.166183       5.275476
      10.120783      -0.355056       5.339049
      10.150812      -0.558109       5.293667
      10.180841      -0.698778       5.177013
      10.210870      -0.774175       5.060601
      10.240899      -0.830880       4.969552
      10.270928      -0.898625       4.879712
      10.300957      -0.966330       4.757742
      10.330986      -0.991713       4.599964
      10.361015      -0.947084       4.450085
      10.391044      -0.857190       4.357371
      10.421073      -0.769971       4.329097
      10.451102      -0.714686       4.345975
      10.481131      -0.707886       4.383321
      10.511160      -0.750188       4.408007
      10.541189      -0.820392       4.395542
      10.571218      -0.889960       4.339817
      10.601247      -0.930864       4.252834
      10.631276      -0.931673       4.167331
      10.661305      -0.914225       4.111796
      10.691334      -0.913883       4.081446
      10.721363      -0.940564       4.042709
      10.751392      -0.969937       3.976976
      10.781421      -0.982572       3.893964
      10.811450      -0.974971       3.804979
      10.841479      -0.945540       3.715167
      10.871509      -0.885336       3.633045
      10.901538      -0.794107       3.586950
      10.931567      -0.705542       3.599609
      10.961596      -0.662447       3.656137
      10.991625      -0.682275       3.714659
      11.021654      -0.748812       3.735334
      11.051683      -0.826091       3.700506
      11.081712      -0.877861       3.620789
      11.111741      -0.888638       3.524846
      11.141770      -0.863496       3.436914
      11.171799      -0.816303       3.370651
      11.201828      -0.762246       3.328715
      11.231857      -0.712371       3.306849
      11.261886      -0.672403       3.297176
      11.291915      -0.641678       3.292595
      11.321944      -0.617435       3.290902
      11.351973      -0.599796       3.290898
      11.382002      -0.585170       3.289624
      11.412031      -0.569287       3.294388
      11.442060      -0.564772       3.312764
      11.472089      -0.587398       3.330154
      11.502118      -0.629262       3.321384
      11.532147      -0.661501       3.280221
      11.562176      -0.664803       3.230939
      11.592205      -0.654306       3.197240
      11.622234      -0.650010       3.171861
      11.652263      -0.648798       3.140596
      11.682292      -0.640674       3.104125
      11.712321      -0.623218       3.068686
      11.742350      -0.597383       3.039468
      11.772379      -0.568260       3.021582
      11.802408      -0.545289       3.012982
      11.832437      -0.530480       3.002928
      11.862466      -0.514747       2.984890
      11.892495      -0.486064       2.962017
      11.922525      -0.434856       2.949681
      11.952554      -0.369979       2.975107
      11.982583      -0.331028       3.050092
      12.012612      -0.356163       3.140414
      12.042641      -0.436283       3.194411
      12.072670      -0.532079       3.190273
      12.102699      -0.605098       3.135096
      12.132728      -0.631352       3.060604
      12.162757      -0.621596       3.002699
      12.192786      -0.603755       2.968122
      12.222815      -0.588444       2.942583
      12.252844      -0.566661       2.920432
      12.282873      -0.534133       2.914921
      12.312902      -0.506994       2.938914
      12.342931      -0.510148       2.985193
      12.372960      -0.555151       3.026655
      12.402989      -0.628522       3.036613
      12.433018      -0.704333       3.008693
      12.463047      -0.767027       2.953632
      12.493076      -0.812650       2.878539
      12.523105      -0.832213       2.787627
      12.553134      -0.817058       2.697422
      12.583163      -0.776664       2.628586
      12.613192      -0.732200       2.584765
      12.643221      -0.694799       2.552798
      12.673250      -0.658094       2.522226
      12.703279      -0.614458       2.497289
      12.733308      -0.565851       2.484458
      12.763337      -0.516008       2.487547
      12.793366      -0.472996       2.510485
      12.823395      -0.449222       2.549591
      12.853424      -0.452251       2.591362
      12.883453      -0.476762       2.620977
      12.913482      -0.512432       2.633944
      12.943512      -0.552280       2.629254
      12.973541      -0.588832       2.608690
      13.003570      -0.619408       2.576330
      13.033599      -0.641046       2.531646
      13.063628      -0.645190       2.479164
      13.093657      -0.630927       2.431437
      13.123686      -0.606487       2.394646
      13.153715      -0.575893       2.367977
      13.183744      -0.539676       2.356397
      13.213773      -0.510686       2.367821
      13.243802      -0.509902       2.390399
      13.273831      -0.536082       2.395144
      13.303860      -0.563921       2.369662
      13.333889      -0.573033       2.325262
      13.363918      -0.558594       2.279987
      13.393947      -0.528102       2.247920
      13.423976      -0.494608       2.233590
      13.454005      -0.469695       2.231435
      13.484034      -0.455352       2.229883
      13.514063      -0.444207       2.223052
      13.544092      -0.430023       2.214073
      13.574121      -0.413646       2.208474
      13.604150      -0.401638       2.206032
      13.634179      -0.394361       2.195972
      13.664208      -0.375051       2.175093
      13.694237      -0.334307       2.163392
      13.724266      -0.288223       2.177079
      13.754295      -0.254252       2.209992
      13.784324      -0.234706       2.252404
      13.814353      -0.231297       2.302322
      13.844382      -0.250170       2.353500
      13.874411      -0.292707       2.393033
      13.904440      -0.348629       2.406174
      13.934469      -0.395863       2.392267
      13.964498      -0.422754       2.369634
      13.994528      -0.438005       2.354201
      14.024557      -0.455234       2.344667
      14.054586      -0.475471       2.331887
      14.084615      -0.492711       2.314735
      14.114644      -0.504796       2.298217
      14.144673      -0.516967       2.286942
      14.174702      -0.537014       2.275672
      14.204731      -0.561365       2.253185
      14.234760      -0.576029       2.219173
      14.264789      -0.575957       2.188011
      14.294818      -0.572492       2.167889
      14.324847      -0.573786       2.152651
      14.354876      -0.578552       2.136949
      14.384905      -0.585249       2.119185
      14.414934      -0.591625       2.097653
      14.444963      -0.594300       2.073518
      14.474992      -0.592299       2.049347
      14.505021      -0.584441       2.027865
      14.535050      -0.572539       2.015906
      14.565079      -0.568011       2.016425
      14.595108      -0.580495       2.018129
      14.625137      -0.604688       2.007242
      14.655166      -0.629013       1.980595
      14.685195      -0.644920       1.941697
      14.715224      -0.647115       1.898423
      14.745253      -0.638819       1.860112
      14.775282      -0.627846       1.827673
      14.805311      -0.616575       1.796409
      14.835340      -0.601482       1.763120
      14.865369      -0.576192       1.731074
      14.895398      -0.540851       1.711504
      14.925427      -0.508470       1.711618
      14.955456      -0.494097       1.723834
      14.985485      -0.501548       1.730735
      15.015515      -0.519170       1.717886
      15.045544      -0.529822       1.686273
      15.075573      -0.526027       1.646398
      15.105602      -0.507792       1.606404
      15.135631      -0.476986       1.572615
      15.165660      -0.437963       1.549722
      15.195689      -0.395806       1.540524
      15.225718      -0.358628       1.546287
      15.255747      -0.335338       1.559645
      15.285776      -0.323820       1.568652
      15.315805      -0.314854       1.570012
      15.345834      -0.302193       1.567490
      15.375863      -0.284270       1.567711
      15.405892      -0.265623       1.576975
      15.435921      -0.256322       1.595659
      15.465950      -0.263457       1.613198
      15.495979      -0.280968       1.617645
      15.526008      -0.297764       1.607975
      15.556037      -0.308286       1.589168
      15.586066      -0.311813       1.566301
      15.616095      -0.310948       1.540168
      15.646124      -0.302428       1.507470
      15.676153      -0.278084       1.472800
      15.706182      -0.236811       1.447922
      15.736211      -0.186360       1.442937
      15.766240      -0.140281       1.461362
      15.796269      -0.112849       1.496918
      15.826298      -0.111753       1.533361
      15.856327      -0.128976       1.551995
      15.886356      -0.144690       1.548599
      15.916385      -0.146123       1.534980
      15.946414      -0.134188       1.525506
      15.976443      -0.119665       1.527232
      16.006472      -0.113249       1.534521
      16.036502      -0.113655       1.535788
      16.066531      -0.110134       1.528585
      16.096560      -0.095889       1.520434
      16.126589      -0.072053       1.522776
      16.156618      -0.052465       1.542841
      16.186647      -0.051195       1.568990
      16.216676      -0.062561       1.585488
      16.246705      -0.074838       1.592410
      16.276734      -0.086868       1.595587
      16.306763      -0.102069       1.593041
      16.336792      -0.115249       1.577773
      16.366821      -0.112776       1.553403
      16.396850      -0.090614       1.536867
      16.426879      -0.060948       1.542112
      16.456908      -0.043439       1.568892
      16.486937      -0.050388       1.600181
      16.516966      -0.073942       1.618387
      16.546995      -0.101412       1.622786
      16.577024      -0.131124       1.615782
      16.607053      -0.158648       1.591875
      16.637082      -0.170252       1.553403
      16.667111      -0.159665       1.515252
      16.697140      -0.134188       1.491165
      16.727169      -0.108374       1.484647
      16.757198      -0.093072       1.486038
      16.787227      -0.084683       1.482627
      16.817256      -0.071718       1.473457
      16.847285      -0.049641       1.467891
      16.877314      -0.024162       1.473696
      16.907343      -0.004379       1.491261
      16.937372       0.002998       1.514412
      16.967401      -0.002988       1.534287
      16.997430      -0.017836       1.542216
      17.027459      -0.029472       1.534065
      17.057488      -0.025987       1.518572
      17.087518      -0.008119       1.510245
      17.117547       0.013078       1.515973
      17.147576       0.027496       1.531350
      17.177605       0.033992       1.547656
      17.207634       0.038262       1.561372
      17.237663       0.044632       1.576194
      17.267692       0.050706       1.598381
      17.297721       0.047281       1.628268
      17.327750       0.029380       1.655895
      17.357779       0.003240       1.672246
      17.387808      -0.021776       1.677002
      17.417837      -0.039838       1.675768
      17.447866      -0.050952       1.676412
      17.477895      -0.061948       1.683946
      17.507924      -0.080898       1.694074
      17.537953      -0.106083       1.698249
      17.567982      -0.130755       1.697334
      17.598011      -0.158000       1.696106
      17.628040      -0.193479       1.687631
      17.658069      -0.229118       1.661875
      17.688098      -0.250505       1.622411
      17.718127      -0.253652       1.583559
      17.748156      -0.247905       1.554104
      17.778185      -0.241231       1.530102
      17.808214      -0.231384       1.507343
      17.838243      -0.216441       1.489618
      17.868272      -0.201933       1.479014
      17.898301      -0.190141       1.469055
      17.928330      -0.172772       1.458539
      17.958359      -0.148742       1.459060
      17.988388      -0.131752       1.475231
      18.018417      -0.132458       1.495850
      18.048446      -0.146732       1.506275
      18.078475      -0.161617       1.503135
      18.108505      -0.170216       1.492626
      18.138534      -0.171029       1.480408
      18.168563      -0.166223       1.472422
      18.198592      -0.161843       1.469430
      18.228621      -0.159754       1.467490
      18.258650      -0.157563       1.465211
      18.288679      -0.154994       1.465131
      18.318708      -0.155648       1.466564
      18.348737      -0.158309       1.465315
      18.378766      -0.159201       1.463072
      18.408795      -0.161133       1.462739
      18.438824      -0.166586       1.459375
      18.468853      -0.168083       1.450180
      18.498882      -0.162099       1.444275
      18.528911      -0.157923       1.445896
      18.558940      -0.160396       1.446207
      18.588969      -0.160754       1.439399
      18.618998      -0.151136       1.433930
      18.649027      -0.137412       1.440333
      18.679056      -0.130952       1.458687
      18.709085      -0.138882       1.481158
      18.739114      -0.160629       1.497237
      18.769143      -0.188810       1.500842
      18.799172      -0.215776       1.492284
      18.829201      -0.236400       1.475292
      18.859230      -0.248921       1.455977
      18.889259      -0.258102       1.439504
      18.919288      -0.270742       1.421532
      18.949317      -0.282353       1.393078
      18.979346      -0.281473       1.355996
      19.009375      -0.263526       1.321088
      19.039404      -0.233292       1.299195
      19.069433      -0.202602       1.294344
      19.099462      -0.181721       1.299752
      19.129491      -0.170917       1.304482
      19.159521      -0.162747       1.303690
      19.189550      -0.151594       1.300409
      19.219579      -0.137298       1.298429
      19.249608      -0.120621       1.299328
      19.279637      -0.102794       1.305556
      19.309666      -0.088507       1.317792
      19.339695      -0.081104       1.330825
      19.369724      -0.076178       1.339130
      19.399753      -0.067135       1.345897
      19.429782      -0.055762       1.357969
      19.459811      -0.048617       1.375538
      19.489840      -0.048300       1.393250
      19.519869      -0.051870       1.406835
      19.549898      -0.055297       1.416475
      19.579927      -0.057260       1.424290
      19.609956      -0.058163       1.431271
      19.639985      -0.058495       1.436708
      19.670014      -0.055632       1.438116
      19.700043      -0.041988       1.438517
      19.730072      -0.016613       1.450657
      19.760101       0.007048       1.482424
      19.790130       0.016472       1.525593
      19.820159       0.012560       1.569155
      19.850188       0.000335       1.610087
      19.880217      -0.018339       1.647946
      19.910246      -0.040527       1.681237
      19.940275      -0.062011       1.714106
      19.970304      -0.088374       1.753620
      20.000333      -0.131446       1.794719
      20.030362      -0.191718       1.820716
      20.060391      -0.252606       1.822212
      20.090420      -0.299047       1.808284
      20.120449      -0.329683       1.791156
      20.150478      -0.347091       1.777575
      20.180508      -0.354902       1.773907
      20.210537      -0.361497       1.783624
      20.240566      -0.373996       1.802274
      20.270595      -0.391513       1.824537
      20.300624      -0.410556       1.851732
      20.330653      -0.432883       1.890730
      20.360682      -0.470737       1.945654
      20.390711      -0.538985       2.005976
      20.420740      -0.638709       2.051719
      20.450769      -0.758165       2.069722
      20.480798      -0.883316       2.056261
      20.510827      -1.001953       2.015704
      20.540856      -1.111004       1.956178
      20.570885      -1.210914       1.877398
      20.600914      -1.294015       1.779181
      20.630943      -1.354043       1.668205
      20.660972      -1.387364       1.552593
      20.691001      -1.394703       1.444028
      20.721030      -1.384628       1.351286
      20.751059      -1.367964       1.275904
      20.781088      -1.352897       1.212741
      20.811117      -1.340218       1.154511
      20.841146      -1.326594       1.099166
      20.871175      -1.311310       1.048237
      20.901204      -1.296390       1.002490
      20.931233      -1.284462       0.959791
      20.961262      -1.274593       0.916286
      20.991291      -1.263862       0.871747
      21.021320      -1.252338       0.826899
      21.051349      -1.239180       0.779874
      21.081378      -1.220418       0.731217
      21.111407      -1.194695       0.685741
      21.141436      -1.165638       0.646679
      21.171465      -1.136745       0.612740
      21.201494      -1.108405       0.581697
      21.231524      -1.079725       0.552969
      21.261553      -1.050594       0.526875
      21.291582      -1.020850       0.503388
      21.321611      -0.990405       0.483625
      21.351640      -0.960977       0.468353
      21.381669      -0.934116       0.456651
      21.411698      -0.910559       0.447399
      21.441727      -0.890982       0.439066
      21.471756      -0.874713       0.429277
      21.501785      -0.859200       0.417195
      21.531814      -0.842858       0.404116
      21.561843      -0.825412       0.391132
      21.591872      -0.806554       0.379568
      21.621901      -0.787861       0.371494
      21.651930      -0.772845       0.366031
      21.681959      -0.762089       0.359407
      21.711988      -0.753227       0.349748
      21.742017      -0.744383       0.337048
      21.772046      -0.733788       0.321713
      21.802075      -0.720058       0.305638
      21.832104      -0.703952       0.290905
      21.862133      -0.686866       0.277937
      21.892162      -0.669660       0.266450
      21.922191      -0.652595       0.255696
      21.952220      -0.634964       0.245436
      21.982249      -0.616401       0.236584
      22.012278      -0.597824       0.230118
      22.042307      -0.580866       0.225763
      22.072336      -0.566287       0.221816
      22.102365      -0.553024       0.216800
      22.132394      -0.539612       0.210870
      22.162423      -0.525506       0.204955
      22.192452      -0.511054       0.199936
      22.222481      -0.497250       0.195812
      22.252511      -0.484183       0.191478
      22.282540      -0.470536       0.186814
      22.312569      -0.455898       0.183346
      22.342598      -0.441662       0.182124
      22.372627      -0.429407       0.182580
      22.402656      -0.419925       0.183433
      22.432685      -0.413260       0.182871
      22.462714      -0.407826       0.179183
      22.492743      -0.401014       0.172569
      22.522772      -0.391547       0.165186
      22.552801      -0.380317       0.158849
      22.582830      -0.368649       0.153615
      22.612859      -0.356629       0.148925
      22.642888      -0.343978       0.145144
      22.672917      -0.331166       0.142817
      22.702946      -0.318960       0.141958
      22.732975      -0.307900       0.142077
      22.763004      -0.298038       0.142773
      22.793033      -0.289825       0.143816
      22.823062      -0.283526       0.143893
      22.853091      -0.277730       0.141886
      22.883120      -0.270746       0.138395
      22.913149      -0.262010       0.134940
      22.943178      -0.252110       0.132778
      22.973207      -0.241967       0.132501
      23.003236      -0.232692       0.134442
      23.033265      -0.225895       0.138315
      23.063294      -0.223103       0.142480
      23.093323      -0.224469       0.144003
      23.123352      -0.227322       0.140051
      23.153381      -0.227160       0.131484
      23.183410      -0.222897       0.122345
      23.213439      -0.216723       0.114446
      23.243468      -0.209814       0.107198
      23.273497      -0.202051       0.100443
      23.303527      -0.193741       0.094640
      23.333556      -0.185792       0.089634
      23.363585      -0.178390       0.084316
      23.393614      -0.170473       0.078189
      23.423643      -0.161284       0.072020
      23.453672      -0.151041       0.066644
      23.483701      -0.140300       0.062399
      23.513730      -0.129579       0.059248
      23.543759      -0.119189       0.056915
      23.573788      -0.109155       0.055160
      23.603817      -0.099504       0.053933
      23.633846      -0.090368       0.053107
      23.663875      -0.081726       0.052475
      23.693904      -0.073504       0.052000
      23.723933      -0.065796       0.051622
      23.753962      -0.058620       0.051092
      23.783991      -0.051758       0.050179
      23.814020      -0.044867       0.048874
      23.844049      -0.037713       0.047437
      23.874078      -0.030376       0.046169
      23.904107      -0.023085       0.045119
      23.934136      -0.015918       0.044156
      23.964165      -0.008806       0.043235
      23.994194      -0.001752       0.042387
      24.024223       0.005247       0.041555
      24.054252       0.012306       0.040738
      24.084281       0.019503       0.040078
      24.114310       0.026764       0.039756
      24.144339       0.033889       0.039860
      24.174368       0.040661       0.040320
      24.204397       0.046961       0.040946
      24.234426       0.052831       0.041552
      24.264455       0.058345       0.042102
      24.294484       0.063427       0.042535
      24.324514       0.068089       0.042577
      24.354543       0.072660       0.042022
      24.384572       0.077521       0.041013
      24.414601       0.082792       0.039893
      24.444630       0.088319       0.038898
      24.474659       0.093946       0.038002
      24.504688       0.099741       0.037165
      24.534717       0.105755       0.036575
      24.564746       0.111770       0.036401
      24.594775       0.117536       0.036532
      24.624804       0.123043       0.036763
      24.654833       0.128385       0.037063
      24.684862       0.133557       0.037482
      24.714891       0.138475       0.038043
      24.744920       0.142985       0.038690
      24.774949       0.146945       0.039183
      24.804978       0.150479       0.039105
      24.835007       0.154111       0.038289
      24.865036       0.158235       0.037062
      24.895065       0.162878       0.035771
      24.925094       0.167990       0.034656
      24.955123       0.173417       0.033956
      24.985152       0.178883       0.033773
      25.015181       0.184124       0.034048
      25.045210       0.188954       0.034602
      25.075239       0.193326       0.035187
      25.105268       0.197347       0.035618
      25.135297       0.201142       0.035828
      25.165326       0.204817       0.035774
      25.195355       0.208523       0.035466
      25.225384       0.212356       0.035033
      25.255413       0.216275       0.034590
      25.285442       0.220208       0.034163
      25.315471       0.224096       0.033711
      25.345501       0.227972       0.033145
      25.375530       0.231962       0.032466
      25.405559       0.236129       0.031798
      25.435588       0.240423       0.031245
      25.465617       0.244769       0.030852
      25.495646       0.249091       0.030640
      25.525675       0.253282       0.030582
      25.555704       0.257284       0.030558
      25.585733       0.261173       0.030447
      25.615762       0.265084       0.030266
      25.645791       0.269050       0.030133
      25.675820       0.273001       0.030121
      25.705849       0.276840       0.030226
      25.735878       0.280521       0.030376
      25.765907       0.284069       0.030526
      25.795936       0.287471       0.030707
      25.825965       0.290612       0.030876
      25.855994       0.293448       0.030819
      25.886023       0.296194       0.030328
      25.916052       0.299157       0.029473
      25.946081       0.302473       0.028506
      25.976110       0.306050       0.027690
      26.006139       0.309631       0.027085
      26.036168       0.313072       0.026514
      26.066197       0.316468       0.025805
      26.096226       0.319988       0.024979
      26.126255       0.323681       0.024174
      26.156284       0.327478       0.023466
      26.186313       0.331339       0.022864
      26.216342       0.335242       0.022400
      26.246371       0.339114       0.022114
      26.276400       0.342825       0.021974
      26.306429       0.346311       0.021811
      26.336458       0.349710       0.021473
      26.366487       0.353191       0.021021
      26.396517       0.356768       0.020579
      26.426546       0.360390       0.020192
      26.456575       0.364023       0.019869
      26.486604       0.367636       0.019606
      26.516633       0.371214       0.019383
      26.546662       0.374760       0.019185
      26.576691       0.378265       0.019019
      26.606720       0.381707       0.018843
      26.636749       0.385149       0.018611
      26.666778       0.388671       0.018388
      26.696807       0.392233       0.018291
      26.726836       0.395708       0.018332
      26.756865       0.399021       0.018425
      26.786894       0.402176       0.018477
      26.816923       0.405212       0.018409
      26.846952       0.408233       0.018171
      26.876981       0.411354       0.017815
      26.907010       0.414593       0.017459
      26.937039       0.417878       0.017152
      26.967068       0.421177       0.016863
      26.997097       0.424517       0.016581
      27.027126       0.427917       0.016348
      27.057155       0.431345       0.016213
      27.087184       0.434740       0.016183
      27.117213       0.438065       0.016226
      27.147242       0.441308       0.016317
      27.177271       0.444447       0.016435
      27.207300       0.447473       0.016532
      27.237329       0.450405       0.016568
      27.267358       0.453257       0.016503
      27.297387       0.456090       0.016270
      27.327416       0.459048       0.015881
      27.357445       0.462212       0.015480
      27.387474       0.465514       0.015211
      27.417504       0.468824       0.015108
      27.447533       0.472048       0.015110
      27.477562       0.475171       0.015122
      27.507591       0.478262       0.015087
      27.537620       0.481385       0.015052
      27.567649       0.484505       0.015073
      27.597678       0.487578       0.015124
      27.627707       0.490621       0.015180
      27.657736       0.493637       0.015260
      27.687765       0.496591       0.015352
      27.717794       0.499493       0.015407
      27.747823       0.502390       0.015422
      27.777852       0.505288       0.015422
      27.807881       0.508192       0.015401
      27.837910       0.511122       0.015381
      27.867939       0.514058       0.015384
      27.897968       0.516991       0.015389
      27.927997       0.519965       0.015410
      27.958026       0.522972       0.015524
      27.988055       0.525922       0.015778
      28.018084       0.528697       0.016130
      28.048113       0.531230       0.016445
      28.078142       0.533572       0.016556
      28.108171       0.535899       0.016367
      28.138200       0.538414       0.015947
      28.168229       0.541194       0.015488
      28.198258       0.544156       0.015149
      28.228287       0.547169       0.014968
      28.258316       0.550141       0.014896
      28.288345       0.553055       0.014863
      28.318374       0.555931       0.014838
      28.348403       0.558779       0.014805
      28.378432       0.561627       0.014746
      28.408461       0.564519       0.014684
      28.438490       0.567446       0.014685
      28.468520       0.570327       0.014764
      28.498549       0.573118       0.014839
      28.528578       0.575887       0.014843
      28.558607       0.578719       0.014821
      28.588636       0.581592       0.014864
      28.618665       0.584418       0.014980
      28.648694       0.587170       0.015094
      28.678723       0.589892       0.015184
      28.708752       0.592580       0.015265
      28.738781       0.595221       0.015298
      28.768810       0.597875       0.015244
      28.798839       0.600607       0.015146
      28.828868       0.603416       0.015077
      28.858897       0.606264       0.015071
      28.888926       0.609108       0.015146
      28.918955       0.611879       0.015289
      28.948984       0.614547       0.015412
      28.979013       0.617174       0.015448
      29.009042       0.619839       0.015409
      29.039071       0.622583       0.015352
      29.069100       0.625393       0.015351
      29.099129       0.628195       0.015446
      29.129158       0.630919       0.015593
      29.159187       0.633559       0.015734
      29.189216       0.636125       0.015831
      29.219245       0.638645       0.015838
      29.249274       0.641180       0.015742
      29.279303       0.643784       0.015565
      29.309332       0.646494       0.015365
      29.339361       0.649288       0.015220
      29.369390       0.652091       0.015149
      29.399419       0.654856       0.015108
      29.429448       0.657598       0.015058
      29.459477       0.660333       0.014997
      29.489507       0.663053       0.014927
      29.519536       0.665749       0.014827
      29.549565       0.668436       0.014652
      29.579594       0.671181       0.014386
      29.609623       0.674040       0.014080
      29.639652       0.677013       0.013795
      29.669681       0.680078       0.013574
      29.699710       0.683194       0.013448
      29.729739       0.686309       0.013414
      29.759768       0.689387       0.013445
      29.789797       0.692421       0.013497
      29.819826       0.695430       0.013544
      29.849855       0.698435       0.013580
      29.879884       0.701460       0.013609
      29.909913       0.704510       0.013662
      29.939942       0.707556       0.013751
      29.969971       0.710577       0.013850
      30.000000       0.713596       0.013935
