  # energy grid [eV]     epsr     epsi
       0.001000       0.000259      -0.000001
       0.031029       0.000259      -0.000000
       0.061058       0.000259      -0.000000
       0.091087       0.000259       0.000000
       0.121116       0.000260       0.000001
       0.151145       0.000260       0.000001
       0.181174       0.000261       0.000001
       0.211203       0.000262       0.000002
       0.241232       0.000262       0.000002
       0.271261       0.000263       0.000002
       0.301290       0.000264       0.000003
       0.331319       0.000266       0.000003
       0.361348       0.000267       0.000004
       0.391377       0.000268       0.000004
       0.421406       0.000270       0.000004
       0.451435       0.000271       0.000005
       0.481464       0.000273       0.000005
       0.511493       0.000275       0.000006
       0.541523       0.000277       0.000006
       0.571552       0.000279       0.000006
       0.601581       0.000281       0.000007
       0.631610       0.000283       0.000007
       0.661639       0.000286       0.000008
       0.691668       0.000288       0.000008
       0.721697       0.000291       0.000009
       0.751726       0.000294       0.000009
       0.781755       0.000297       0.000009
       0.811784       0.000300       0.000010
       0.841813       0.000303       0.000010
       0.871842       0.000307       0.000011
       0.901871       0.000310       0.000011
       0.931900       0.000314       0.000012
       0.961929       0.000318       0.000012
       0.991958       0.000322       0.000013
       1.021987       0.000326       0.000014
       1.052016       0.000331       0.000014
       1.082045       0.000335       0.000015
       1.112074       0.000340       0.000015
       1.142103       0.000345       0.000016
       1.172132       0.000350       0.000017
       1.202161       0.000356       0.000017
       1.232190       0.000361       0.000018
       1.262219       0.000367       0.000019
       1.292248       0.000373       0.000019
       1.322277       0.000379       0.000020
       1.352306       0.000385       0.000021
       1.382335       0.000392       0.000022
       1.412364       0.000399       0.000023
       1.442393       0.000406       0.000023
       1.472422       0.000413       0.000024
       1.502451       0.000421       0.000025
       1.532480       0.000429       0.000026
       1.562510       0.000437       0.000027
       1.592539       0.000446       0.000028
       1.622568       0.000455       0.000029
       1.652597       0.000464       0.000030
       1.682626       0.000473       0.000032
       1.712655       0.000483       0.000033
       1.742684       0.000494       0.000034
       1.772713       0.000504       0.000035
       1.802742       0.000515       0.000037
       1.832771       0.000527       0.000038
       1.862800       0.000539       0.000040
       1.892829       0.000551       0.000041
       1.922858       0.000564       0.000043
       1.952887       0.000577       0.000045
       1.982916       0.000591       0.000046
       2.012945       0.000605       0.000048
       2.042974       0.000620       0.000050
       2.073003       0.000636       0.000052
       2.103032       0.000652       0.000054
       2.133061       0.000669       0.000057
       2.163090       0.000686       0.000059
       2.193119       0.000704       0.000062
       2.223148       0.000723       0.000064
       2.253177       0.000743       0.000067
       2.283206       0.000764       0.000070
       2.313235       0.000785       0.000073
       2.343264       0.000808       0.000076
       2.373293       0.000831       0.000080
       2.403322       0.000856       0.000084
       2.433351       0.000882       0.000088
       2.463380       0.000908       0.000092
       2.493409       0.000937       0.000096
       2.523438       0.000966       0.000101
       2.553467       0.000997       0.000106
       2.583496       0.001029       0.000111
       2.613526       0.001063       0.000117
       2.643555       0.001099       0.000123
       2.673584       0.001137       0.000130
       2.703613       0.001177       0.000137
       2.733642       0.001218       0.000144
       2.763671       0.001263       0.000152
       2.793700       0.001309       0.000161
       2.823729       0.001358       0.000171
       2.853758       0.001411       0.000181
       2.883787       0.001466       0.000192
       2.913816       0.001524       0.000205
       2.943845       0.001587       0.000218
       2.973874       0.001653       0.000232
       3.003903       0.001724       0.000248
       3.033932       0.001799       0.000266
       3.063961       0.001880       0.000285
       3.093990       0.001967       0.000306
       3.124019       0.002059       0.000330
       3.154048       0.002159       0.000357
       3.184077       0.002267       0.000386
       3.214106       0.002383       0.000420
       3.244135       0.002509       0.000458
       3.274164       0.002646       0.000501
       3.304193       0.002795       0.000552
       3.334222       0.002957       0.000610
       3.364251       0.003133       0.000680
       3.394280       0.003323       0.000763
       3.424309       0.003524       0.000861
       3.454338       0.003731       0.000973
       3.484367       0.003942       0.001084
       3.514396       0.004177       0.001173
       3.544425       0.004477       0.001241
       3.574454       0.004880       0.001310
       3.604483       0.005437       0.001418
       3.634513       0.006204       0.001679
       3.664542       0.007098       0.002277
       3.694571       0.007915       0.003245
       3.724600       0.008563       0.004512
       3.754629       0.008967       0.006092
       3.784658       0.008946       0.007943
       3.814687       0.008337       0.009913
       3.844716       0.006930       0.011658
       3.874745       0.005064       0.012398
       3.904774       0.004051       0.012369
       3.934803       0.003707       0.013227
       3.964832       0.002177       0.014882
       3.994861      -0.000840       0.015294
       4.024890      -0.003201       0.013454
       4.054919      -0.003144       0.011221
       4.084948      -0.001726       0.010825
       4.114977      -0.001136       0.012199
       4.145006      -0.001886       0.013736
       4.175035      -0.003283       0.015126
       4.205064      -0.005810       0.016218
       4.235093      -0.008886       0.015799
       4.265122      -0.011207       0.014494
       4.295151      -0.013449       0.013034
       4.325180      -0.015675       0.010345
       4.355209      -0.016199       0.006597
       4.385238      -0.014998       0.003701
       4.415267      -0.013446       0.001884
       4.445296      -0.011615       0.000741
       4.475325      -0.009844       0.000627
       4.505354      -0.008776       0.001030
       4.535383      -0.008052       0.001347
       4.565412      -0.007245       0.001918
       4.595441      -0.006867       0.003112
       4.625470      -0.007374       0.004394
       4.655499      -0.008507       0.005310
       4.685529      -0.010044       0.005804
       4.715558      -0.011936       0.005937
       4.745587      -0.014612       0.005466
       4.775616      -0.017803       0.003012
       4.805645      -0.019110      -0.001828
       4.835674      -0.017083      -0.006272
       4.865703      -0.013943      -0.008303
       4.895732      -0.011373      -0.009053
       4.925761      -0.008975      -0.009378
       4.955790      -0.006523      -0.008778
       4.985819      -0.005062      -0.007097
       5.015848      -0.005112      -0.005696
       5.045877      -0.005477      -0.005432
       5.075906      -0.005336      -0.005573
       5.105935      -0.004915      -0.005648
       5.135964      -0.004344      -0.005503
       5.165993      -0.003923      -0.005143
       5.196022      -0.003601      -0.004755
       5.226051      -0.003441      -0.004174
       5.256080      -0.003752      -0.003692
       5.286109      -0.004129      -0.003758
       5.316138      -0.004044      -0.003968
       5.346167      -0.003761      -0.003792
       5.376196      -0.003867      -0.003172
       5.406225      -0.004839      -0.002846
       5.436254      -0.005866      -0.003665
       5.466283      -0.005900      -0.004991
       5.496312      -0.005199      -0.005836
       5.526341      -0.004473      -0.006034
       5.556370      -0.004200      -0.005967
       5.586399      -0.004274      -0.006219
       5.616428      -0.004202      -0.006958
       5.646457      -0.003539      -0.007911
       5.676486      -0.002280      -0.008496
       5.706516      -0.000852      -0.008478
       5.736545       0.000448      -0.007913
       5.766574       0.001386      -0.006935
       5.796603       0.001825      -0.005777
       5.826632       0.001780      -0.004721
       5.856661       0.001431      -0.003903
       5.886690       0.000803      -0.003412
       5.916719       0.000194      -0.003525
       5.946748       0.000170      -0.003914
       5.976777       0.000502      -0.003927
       6.006806       0.000649      -0.003660
       6.036835       0.000621      -0.003507
       6.066864       0.000767      -0.003483
       6.096893       0.001106      -0.003147
       6.126922       0.001068      -0.002433
       6.156951       0.000452      -0.001950
       6.186980      -0.000263      -0.002084
       6.217009      -0.000546      -0.002631
       6.247038      -0.000311      -0.003042
       6.277067       0.000035      -0.003028
       6.307096       0.000111      -0.002766
       6.337125      -0.000133      -0.002645
       6.367154      -0.000351      -0.002870
       6.397183      -0.000275      -0.003194
       6.427212      -0.000020      -0.003354
       6.457241       0.000198      -0.003363
       6.487270       0.000372      -0.003368
       6.517299       0.000586      -0.003354
       6.547328       0.000828      -0.003241
       6.577357       0.000972      -0.002985
       6.607386       0.000872      -0.002758
       6.637415       0.000697      -0.002814
       6.667444       0.000774      -0.003050
       6.697473       0.001086      -0.003140
       6.727503       0.001402      -0.003045
       6.757532       0.001702      -0.002845
       6.787561       0.001938      -0.002469
       6.817590       0.001930      -0.002004
       6.847619       0.001715      -0.001670
       6.877648       0.001456      -0.001507
       6.907677       0.001215      -0.001451
       6.937706       0.000994      -0.001478
       6.967735       0.000794      -0.001594
       6.997764       0.000653      -0.001844
       7.027793       0.000723      -0.002217
       7.057822       0.001090      -0.002479
       7.087851       0.001536      -0.002433
       7.117880       0.001832      -0.002205
       7.147909       0.002015      -0.001958
       7.177938       0.002143      -0.001666
       7.207967       0.002130      -0.001336
       7.237996       0.001971      -0.001120
       7.268025       0.001829      -0.001083
       7.298054       0.001830      -0.001108
       7.328083       0.001922      -0.001059
       7.358112       0.002007      -0.000929
       7.388141       0.002052      -0.000773
       7.418170       0.002089      -0.000607
       7.448199       0.002107      -0.000403
       7.478228       0.002067      -0.000169
       7.508257       0.001949       0.000055
       7.538286       0.001761       0.000216
       7.568315       0.001545       0.000259
       7.598344       0.001439       0.000165
       7.628373       0.001539       0.000128
       7.658402       0.001656       0.000308
       7.688431       0.001608       0.000576
       7.718460       0.001432       0.000768
       7.748489       0.001249       0.000832
       7.778519       0.001169       0.000836
       7.808548       0.001197       0.000890
       7.838577       0.001314       0.001080
       7.868606       0.001388       0.001589
       7.898635       0.001005       0.002376
       7.928664      -0.000105       0.002917
       7.958693      -0.001547       0.002487
       7.988722      -0.002296       0.001137
       8.018751      -0.001993      -0.000268
       8.048780      -0.000854      -0.001117
       8.078809       0.000581      -0.000815
       8.108838       0.001202       0.000497
       8.138867       0.000616       0.001740
       8.168896      -0.000569       0.002152
       8.198925      -0.001568       0.001781
       8.228954      -0.002175       0.001145
       8.258983      -0.002552       0.000261
       8.289012      -0.002281      -0.000847
       8.319041      -0.001306      -0.001359
       8.349070      -0.000624      -0.001050
       8.379099      -0.000550      -0.000841
       8.409128      -0.000305      -0.001085
       8.439157       0.000560      -0.001054
       8.469186       0.001337      -0.000097
       8.499215       0.001202       0.001217
       8.529244       0.000385       0.002127
       8.559273      -0.000642       0.002451
       8.589302      -0.001454       0.002347
       8.619331      -0.002011       0.002248
       8.649360      -0.002699       0.002309
       8.679389      -0.003814       0.002094
       8.709418      -0.004827       0.001141
       8.739447      -0.005263      -0.000093
       8.769476      -0.005242      -0.001364
       8.799506      -0.004699      -0.002373
       8.829535      -0.004119      -0.002885
       8.859564      -0.003763      -0.003277
       8.889593      -0.003448      -0.003813
       8.919622      -0.002850      -0.004441
       8.949651      -0.001939      -0.004742
       8.979680      -0.001154      -0.004592
       9.009709      -0.000730      -0.004307
       9.039738      -0.000612      -0.004244
       9.069767      -0.000262      -0.004665
       9.099796       0.000879      -0.004818
       9.129825       0.001958      -0.003874
       9.159854       0.001916      -0.002519
       9.189883       0.001010      -0.001949
       9.219912       0.000378      -0.002369
       9.249941       0.000472      -0.002935
       9.279970       0.000866      -0.003273
       9.309999       0.001487      -0.003481
       9.340028       0.002381      -0.003338
       9.370057       0.003251      -0.002559
       9.400086       0.003476      -0.001273
       9.430115       0.002930      -0.000215
       9.460144       0.002074       0.000338
       9.490173       0.001143       0.000359
       9.520202       0.000486      -0.000146
       9.550231       0.000402      -0.000856
       9.580260       0.000832      -0.001298
       9.610289       0.001402      -0.001276
       9.640318       0.001818      -0.000861
       9.670347       0.001860      -0.000271
       9.700376       0.001592       0.000157
       9.730405       0.001300       0.000373
       9.760434       0.001027       0.000572
       9.790463       0.000647       0.000693
       9.820492       0.000291       0.000664
       9.850522      -0.000033       0.000599
       9.880551      -0.000387       0.000411
       9.910580      -0.000580       0.000060
       9.940609      -0.000582      -0.000193
       9.970638      -0.000643      -0.000367
      10.000667      -0.000686      -0.000639
      10.030696      -0.000611      -0.000924
      10.060725      -0.000446      -0.001194
      10.090754      -0.000134      -0.001427
      10.120783       0.000348      -0.001482
      10.150812       0.000860      -0.001184
      10.180841       0.001065      -0.000536
      10.210870       0.000749       0.000090
      10.240899       0.000144       0.000343
      10.270928      -0.000474       0.000197
      10.300957      -0.000821      -0.000315
      10.330986      -0.000706      -0.000759
      10.361015      -0.000567      -0.000878
      10.391044      -0.000589      -0.001023
      10.421073      -0.000515      -0.001294
      10.451102      -0.000289      -0.001511
      10.481131       0.000033      -0.001650
      10.511160       0.000497      -0.001571
      10.541189       0.000764      -0.001120
      10.571218       0.000598      -0.000729
      10.601247       0.000364      -0.000642
      10.631276       0.000264      -0.000636
      10.661305       0.000172      -0.000544
      10.691334      -0.000113      -0.000493
      10.721363      -0.000404      -0.000779
      10.751392      -0.000320      -0.001176
      10.781421      -0.000054      -0.001302
      10.811450       0.000105      -0.001258
      10.841479       0.000172      -0.001199
      10.871509       0.000172      -0.001116
      10.901538       0.000008      -0.001088
      10.931567      -0.000212      -0.001345
      10.961596      -0.000151      -0.001894
      10.991625       0.000446      -0.002397
      11.021654       0.001411      -0.002347
      11.051683       0.002163      -0.001594
      11.081712       0.002234      -0.000534
      11.111741       0.001674       0.000239
      11.141770       0.000937       0.000479
      11.171799       0.000361       0.000363
      11.201828      -0.000032       0.000129
      11.231857      -0.000335      -0.000192
      11.261886      -0.000497      -0.000623
      11.291915      -0.000465      -0.001124
      11.321944      -0.000134      -0.001609
      11.351973       0.000483      -0.001787
      11.382002       0.000999      -0.001526
      11.412031       0.001205      -0.001175
      11.442060       0.001346      -0.000856
      11.472089       0.001341      -0.000381
      11.502118       0.000977       0.000017
      11.532147       0.000448       0.000054
      11.562176       0.000083      -0.000261
      11.592205       0.000016      -0.000658
      11.622234       0.000162      -0.001030
      11.652263       0.000560      -0.001248
      11.682292       0.000979      -0.001148
      11.712321       0.001248      -0.000930
      11.742350       0.001528      -0.000651
      11.772379       0.001731      -0.000079
      11.802408       0.001473       0.000646
      11.832437       0.000793       0.001051
      11.862466       0.000081       0.000988
      11.892495      -0.000374       0.000620
      11.922525      -0.000493       0.000265
      11.952554      -0.000556       0.000158
      11.982583      -0.000873       0.000057
      12.012612      -0.001234      -0.000414
      12.042641      -0.001207      -0.001110
      12.072670      -0.000816      -0.001635
      12.102699      -0.000271      -0.001887
      12.132728       0.000261      -0.001805
      12.162757       0.000510      -0.001535
      12.192786       0.000557      -0.001420
      12.222815       0.000712      -0.001433
      12.252844       0.000987      -0.001327
      12.282873       0.001211      -0.001025
      12.312902       0.001199      -0.000616
      12.342931       0.000959      -0.000362
      12.372960       0.000739      -0.000314
      12.402989       0.000619      -0.000316
      12.433018       0.000537      -0.000275
      12.463047       0.000390      -0.000188
      12.493076       0.000109      -0.000165
      12.523105      -0.000230      -0.000353
      12.553134      -0.000423      -0.000787
      12.583163      -0.000297      -0.001263
      12.613192       0.000014      -0.001551
      12.643221       0.000346      -0.001703
      12.673250       0.000727      -0.001755
      12.703279       0.001106      -0.001625
      12.733308       0.001329      -0.001384
      12.763337       0.001456      -0.001206
      12.793366       0.001644      -0.001033
      12.823395       0.001837      -0.000706
      12.853424       0.001846      -0.000236
      12.883453       0.001587       0.000189
      12.913482       0.001147       0.000395
      12.943512       0.000734       0.000301
      12.973541       0.000545       0.000067
      13.003570       0.000532      -0.000105
      13.033599       0.000557      -0.000158
      13.063628       0.000509      -0.000169
      13.093657       0.000443      -0.000242
      13.123686       0.000410      -0.000322
      13.153715       0.000341      -0.000439
      13.183744       0.000360      -0.000711
      13.213773       0.000666      -0.000939
      13.243802       0.001054      -0.000863
      13.273831       0.001286      -0.000605
      13.303860       0.001367      -0.000289
      13.333889       0.001259       0.000024
      13.363918       0.000998       0.000169
      13.393947       0.000802       0.000087
      13.423976       0.000808      -0.000019
      13.454005       0.000880       0.000006
      13.484034       0.000894       0.000100
      13.514063       0.000864       0.000185
      13.544092       0.000839       0.000275
      13.574121       0.000772       0.000413
      13.604150       0.000617       0.000517
      13.634179       0.000455       0.000554
      13.664208       0.000295       0.000570
      13.694237       0.000132       0.000571
      13.724266      -0.000086       0.000575
      13.754295      -0.000411       0.000462
      13.784324      -0.000700       0.000087
      13.814353      -0.000673      -0.000481
      13.844382      -0.000215      -0.000881
      13.874411       0.000366      -0.000759
      13.904440       0.000529      -0.000245
      13.934469       0.000178       0.000101
      13.964498      -0.000305      -0.000021
      13.994528      -0.000504      -0.000532
      14.024557      -0.000181      -0.001016
      14.054586       0.000372      -0.001011
      14.084615       0.000593      -0.000599
      14.114644       0.000350      -0.000323
      14.144673       0.000067      -0.000467
      14.174702       0.000101      -0.000792
      14.204731       0.000417      -0.000939
      14.234760       0.000710      -0.000782
      14.264789       0.000788      -0.000518
      14.294818       0.000717      -0.000305
      14.324847       0.000545      -0.000164
      14.354876       0.000298      -0.000186
      14.384905       0.000171      -0.000420
      14.414934       0.000320      -0.000630
      14.444963       0.000539      -0.000578
      14.474992       0.000559      -0.000399
      14.505021       0.000434      -0.000341
      14.535050       0.000361      -0.000414
      14.565079       0.000388      -0.000483
      14.595108       0.000438      -0.000483
      14.625137       0.000445      -0.000441
      14.655166       0.000391      -0.000412
      14.685195       0.000292      -0.000446
      14.715224       0.000222      -0.000594
      14.745253       0.000303      -0.000789
      14.775282       0.000498      -0.000859
      14.805311       0.000640      -0.000808
      14.835340       0.000721      -0.000749
      14.865369       0.000766      -0.000671
      14.895398       0.000749      -0.000631
      14.925427       0.000752      -0.000668
      14.955456       0.000843      -0.000718
      14.985485       0.001003      -0.000685
      15.015515       0.001118      -0.000534
      15.045544       0.001123      -0.000362
      15.075573       0.001064      -0.000233
      15.105602       0.000971      -0.000154
      15.135631       0.000880      -0.000128
      15.165660       0.000799      -0.000127
      15.195689       0.000721      -0.000163
      15.225718       0.000674      -0.000238
      15.255747       0.000675      -0.000337
      15.285776       0.000739      -0.000435
      15.315805       0.000869      -0.000500
      15.345834       0.001049      -0.000476
      15.375863       0.001188      -0.000340
      15.405892       0.001238      -0.000173
      15.435921       0.001221       0.000003
      15.465950       0.001097       0.000134
      15.495979       0.000978       0.000113
      15.526008       0.001000       0.000072
      15.556037       0.001058       0.000139
      15.586066       0.001057       0.000253
      15.616095       0.001026       0.000377
      15.646124       0.000932       0.000543
      15.676153       0.000703       0.000669
      15.706182       0.000412       0.000636
      15.736211       0.000193       0.000443
      15.766240       0.000122       0.000187
      15.796269       0.000183      -0.000039
      15.826298       0.000337      -0.000184
      15.856327       0.000519      -0.000203
      15.886356       0.000633      -0.000121
      15.916385       0.000647      -0.000036
      15.946414       0.000622      -0.000007
      15.976443       0.000617      -0.000022
      16.006472       0.000653      -0.000034
      16.036502       0.000699      -0.000014
      16.066531       0.000731       0.000025
      16.096560       0.000754       0.000077
      16.126589       0.000743       0.000138
      16.156618       0.000712       0.000157
      16.186647       0.000728       0.000149
      16.216676       0.000794       0.000196
      16.246705       0.000814       0.000327
      16.276734       0.000736       0.000459
      16.306763       0.000596       0.000525
      16.336792       0.000456       0.000492
      16.366821       0.000415       0.000400
      16.396850       0.000472       0.000387
      16.426879       0.000473       0.000507
      16.456908       0.000316       0.000613
      16.486937       0.000110       0.000570
      16.516966      -0.000006       0.000445
      16.546995      -0.000079       0.000342
      16.577024      -0.000165       0.000201
      16.607053      -0.000175      -0.000012
      16.637082      -0.000061      -0.000196
      16.667111       0.000110      -0.000288
      16.697140       0.000288      -0.000281
      16.727169       0.000403      -0.000185
      16.757198       0.000413      -0.000084
      16.787227       0.000374      -0.000061
      16.817256       0.000402      -0.000105
      16.847285       0.000523      -0.000075
      16.877314       0.000587       0.000098
      16.907343       0.000488       0.000292
      16.937372       0.000259       0.000390
      16.967401      -0.000015       0.000309
      16.997430      -0.000181       0.000054
      17.027459      -0.000160      -0.000227
      17.057488      -0.000027      -0.000431
      17.087518       0.000143      -0.000562
      17.117547       0.000354      -0.000649
      17.147576       0.000614      -0.000632
      17.177605       0.000814      -0.000482
      17.207634       0.000895      -0.000314
      17.237663       0.000948      -0.000183
      17.267692       0.000989      -0.000017
      17.297721       0.000946       0.000166
      17.327750       0.000822       0.000289
      17.357779       0.000698       0.000301
      17.387808       0.000679       0.000274
      17.417837       0.000708       0.000352
      17.447866       0.000620       0.000495
      17.477895       0.000433       0.000537
      17.507924       0.000286       0.000468
      17.537953       0.000208       0.000373
      17.567982       0.000174       0.000275
      17.598011       0.000190       0.000189
      17.628040       0.000239       0.000151
      17.658069       0.000274       0.000169
      17.688098       0.000264       0.000209
      17.718127       0.000206       0.000258
      17.748156       0.000057       0.000258
      17.778185      -0.000090       0.000098
      17.808214      -0.000065      -0.000136
      17.838243       0.000075      -0.000255
      17.868272       0.000180      -0.000284
      17.898301       0.000251      -0.000299
      17.928330       0.000276      -0.000314
      17.958359       0.000286      -0.000434
      17.988388       0.000475      -0.000628
      18.018417       0.000858      -0.000644
      18.048446       0.001198      -0.000361
      18.078475       0.001255       0.000082
      18.108505       0.001024       0.000390
      18.138534       0.000755       0.000433
      18.168563       0.000619       0.000357
      18.198592       0.000574       0.000283
      18.228621       0.000584       0.000216
      18.258650       0.000660       0.000192
      18.288679       0.000737       0.000270
      18.318708       0.000710       0.000383
      18.348737       0.000644       0.000403
      18.378766       0.000672       0.000394
      18.408795       0.000739       0.000499
      18.438824       0.000681       0.000678
      18.468853       0.000528       0.000760
      18.498882       0.000436       0.000775
      18.528911       0.000362       0.000869
      18.558940       0.000143       0.000990
      18.588969      -0.000199       0.000946
      18.618998      -0.000479       0.000681
      18.649027      -0.000564       0.000310
      18.679056      -0.000447      -0.000036
      18.709085      -0.000172      -0.000243
      18.739114       0.000133      -0.000234
      18.769143       0.000312      -0.000050
      18.799172       0.000278       0.000158
      18.829201       0.000105       0.000218
      18.859230      -0.000032       0.000102
      18.889259      -0.000039      -0.000087
      18.919288       0.000084      -0.000245
      18.949317       0.000276      -0.000313
      18.979346       0.000489      -0.000271
      19.009375       0.000642      -0.000114
      19.039404       0.000685       0.000075
      19.069433       0.000650       0.000251
      19.099462       0.000534       0.000386
      19.129491       0.000381       0.000437
      19.159521       0.000233       0.000414
      19.189550       0.000114       0.000327
      19.219579       0.000047       0.000191
      19.249608       0.000051       0.000009
      19.279637       0.000200      -0.000179
      19.309666       0.000489      -0.000211
      19.339695       0.000719      -0.000009
      19.369724       0.000735       0.000260
      19.399753       0.000628       0.000430
      19.429782       0.000507       0.000528
      19.459811       0.000372       0.000579
      19.489840       0.000243       0.000590
      19.519869       0.000103       0.000579
      19.549898      -0.000056       0.000504
      19.579927      -0.000173       0.000340
      19.609956      -0.000196       0.000130
      19.639985      -0.000104      -0.000072
      19.670014       0.000085      -0.000173
      19.700043       0.000246      -0.000145
      19.730072       0.000331      -0.000099
      19.760101       0.000428      -0.000061
      19.790130       0.000516       0.000077
      19.820159       0.000432       0.000257
      19.850188       0.000216       0.000258
      19.880217       0.000104       0.000053
      19.910246       0.000182      -0.000185
      19.940275       0.000426      -0.000378
      19.970304       0.000849      -0.000388
      20.000333       0.001253      -0.000058
      20.030362       0.001362       0.000518
      20.060391       0.001053       0.001058
      20.090420       0.000471       0.001250
      20.120449      -0.000029       0.001019
      20.150478      -0.000215       0.000609
      20.180508      -0.000151       0.000246
      20.210537       0.000082      -0.000018
      20.240566       0.000461      -0.000100
      20.270595       0.000827       0.000112
      20.300624       0.000957       0.000505
      20.330653       0.000856       0.000862
      20.360682       0.000629       0.001105
      20.390711       0.000370       0.001240
      20.420740       0.000067       0.001343
      20.450769      -0.000366       0.001303
      20.480798      -0.000745       0.000971
      20.510827      -0.000849       0.000490
      20.540856      -0.000699       0.000080
      20.570885      -0.000395      -0.000173
      20.600914      -0.000062      -0.000205
      20.630943       0.000147      -0.000117
      20.660972       0.000304      -0.000048
      20.691001       0.000487       0.000081
      20.721030       0.000603       0.000321
      20.751059       0.000575       0.000603
      20.781088       0.000405       0.000822
      20.811117       0.000171       0.000919
      20.841146      -0.000055       0.000902
      20.871175      -0.000227       0.000793
      20.901204      -0.000298       0.000645
      20.931233      -0.000291       0.000535
      20.961262      -0.000259       0.000478
      20.991291      -0.000235       0.000470
      21.021320      -0.000252       0.000488
      21.051349      -0.000317       0.000482
      21.081378      -0.000378       0.000416
      21.111407      -0.000387       0.000335
      21.141436      -0.000379       0.000280
      21.171465      -0.000376       0.000223
      21.201494      -0.000353       0.000158
      21.231524      -0.000306       0.000108
      21.261553      -0.000249       0.000079
      21.291582      -0.000186       0.000073
      21.321611      -0.000132       0.000098
      21.351640      -0.000107       0.000139
      21.381669      -0.000099       0.000174
      21.411698      -0.000102       0.000214
      21.441727      -0.000134       0.000256
      21.471756      -0.000190       0.000271
      21.501785      -0.000248       0.000252
      21.531814      -0.000289       0.000205
      21.561843      -0.000297       0.000146
      21.591872      -0.000274       0.000108
      21.621901      -0.000263       0.000098
      21.651930      -0.000270       0.000077
      21.681959      -0.000260       0.000045
      21.711988      -0.000244       0.000029
      21.742017      -0.000241       0.000016
      21.772046      -0.000239      -0.000012
      21.802075      -0.000223      -0.000045
      21.832104      -0.000194      -0.000071
      21.862133      -0.000160      -0.000088
      21.892162      -0.000124      -0.000098
      21.922191      -0.000082      -0.000097
      21.952220      -0.000046      -0.000081
      21.982249      -0.000020      -0.000060
      22.012278       0.000004      -0.000034
      22.042307       0.000016       0.000008
      22.072336       0.000001       0.000046
      22.102365      -0.000027       0.000065
      22.132394      -0.000052       0.000064
      22.162423      -0.000061       0.000056
      22.192452      -0.000064       0.000066
      22.222481      -0.000095       0.000080
      22.252511      -0.000143       0.000058
      22.282540      -0.000166      -0.000000
      22.312569      -0.000143      -0.000062
      22.342598      -0.000092      -0.000091
      22.372627      -0.000049      -0.000089
      22.402656      -0.000018      -0.000080
      22.432685       0.000009      -0.000064
      22.462714       0.000026      -0.000040
      22.492743       0.000034      -0.000016
      22.522772       0.000034       0.000009
      22.552801       0.000022       0.000031
      22.582830       0.000002       0.000043
      22.612859      -0.000019       0.000042
      22.642888      -0.000033       0.000030
      22.672917      -0.000032       0.000015
      22.702946      -0.000021       0.000014
      22.732975      -0.000024       0.000030
      22.763004      -0.000053       0.000034
      22.793033      -0.000084       0.000002
      22.823062      -0.000077      -0.000054
      22.853091      -0.000029      -0.000089
      22.883120       0.000024      -0.000081
      22.913149       0.000055      -0.000052
      22.943178       0.000067      -0.000023
      22.973207       0.000069       0.000006
      23.003236       0.000061       0.000031
      23.033265       0.000045       0.000050
      23.063294       0.000020       0.000058
      23.093323      -0.000001       0.000046
      23.123352      -0.000000       0.000029
      23.153381       0.000013       0.000029
      23.183410       0.000018       0.000045
      23.213439       0.000005       0.000063
      23.243468      -0.000023       0.000069
      23.273497      -0.000047       0.000054
      23.303527      -0.000060       0.000034
      23.333556      -0.000066       0.000011
      23.363585      -0.000060      -0.000018
      23.393614      -0.000037      -0.000035
      23.423643      -0.000014      -0.000034
      23.453672      -0.000003      -0.000025
      23.483701       0.000000      -0.000018
      23.513730       0.000002      -0.000014
      23.543759       0.000002      -0.000010
      23.573788      -0.000001      -0.000008
      23.603817      -0.000004      -0.000008
      23.633846      -0.000006      -0.000011
      23.663875      -0.000008      -0.000015
      23.693904      -0.000008      -0.000022
      23.723933      -0.000004      -0.000030
      23.753962       0.000005      -0.000035
      23.783991       0.000013      -0.000034
      23.814020       0.000019      -0.000032
      23.844049       0.000022      -0.000030
      23.874078       0.000026      -0.000029
      23.904107       0.000030      -0.000027
      23.934136       0.000032      -0.000024
      23.964165       0.000034      -0.000022
      23.994194       0.000036      -0.000021
      24.024223       0.000040      -0.000020
      24.054252       0.000044      -0.000015
      24.084281       0.000045      -0.000009
      24.114310       0.000043      -0.000004
      24.144339       0.000039      -0.000001
      24.174368       0.000034      -0.000002
      24.204397       0.000032      -0.000005
      24.234426       0.000035      -0.000007
      24.264455       0.000037      -0.000006
      24.294484       0.000037      -0.000003
      24.324514       0.000034      -0.000003
      24.354543       0.000033      -0.000006
      24.384572       0.000036      -0.000009
      24.414601       0.000040      -0.000008
      24.444630       0.000042      -0.000004
      24.474659       0.000040      -0.000001
      24.504688       0.000037      -0.000003
      24.534717       0.000037      -0.000007
      24.564746       0.000043      -0.000009
      24.594775       0.000048      -0.000006
      24.624804       0.000050       0.000001
      24.654833       0.000047       0.000005
      24.684862       0.000043       0.000006
      24.714891       0.000042       0.000005
      24.744920       0.000043       0.000003
      24.774949       0.000045       0.000005
      24.804978       0.000046       0.000009
      24.835007       0.000043       0.000013
      24.865036       0.000039       0.000014
      24.895065       0.000034       0.000014
      24.925094       0.000030       0.000010
      24.955123       0.000027       0.000006
      24.985152       0.000027      -0.000000
      25.015181       0.000030      -0.000006
      25.045210       0.000037      -0.000010
      25.075239       0.000045      -0.000009
      25.105268       0.000052      -0.000005
      25.135297       0.000056       0.000003
      25.165326       0.000055       0.000013
      25.195355       0.000048       0.000020
      25.225384       0.000040       0.000021
      25.255413       0.000034       0.000019
      25.285442       0.000030       0.000015
      25.315471       0.000028       0.000011
      25.345501       0.000029       0.000007
      25.375530       0.000030       0.000005
      25.405559       0.000032       0.000003
      25.435588       0.000033       0.000003
      25.465617       0.000035       0.000003
      25.495646       0.000035       0.000004
      25.525675       0.000035       0.000004
      25.555704       0.000036       0.000004
      25.585733       0.000037       0.000006
      25.615762       0.000035       0.000009
      25.645791       0.000031       0.000009
      25.675820       0.000027       0.000006
      25.705849       0.000026       0.000002
      25.735878       0.000028      -0.000001
      25.765907       0.000029      -0.000004
      25.795936       0.000031      -0.000007
      25.825965       0.000037      -0.000008
      25.855994       0.000040      -0.000004
      25.886023       0.000039      -0.000001
      25.916052       0.000036      -0.000001
      25.946081       0.000037      -0.000002
      25.976110       0.000038      -0.000002
      26.006139       0.000038      -0.000000
      26.036168       0.000036       0.000000
      26.066197       0.000033      -0.000002
      26.096226       0.000033      -0.000005
      26.126255       0.000035      -0.000008
      26.156284       0.000038      -0.000010
      26.186313       0.000041      -0.000010
      26.216342       0.000044      -0.000009
      26.246371       0.000046      -0.000007
      26.276400       0.000048      -0.000004
      26.306429       0.000048      -0.000000
      26.336458       0.000044       0.000002
      26.366487       0.000041       0.000001
      26.396517       0.000041      -0.000002
      26.426546       0.000042      -0.000004
      26.456575       0.000044      -0.000004
      26.486604       0.000045      -0.000003
      26.516633       0.000046      -0.000002
      26.546662       0.000046      -0.000001
      26.576691       0.000045       0.000000
      26.606720       0.000045       0.000000
      26.636749       0.000045      -0.000000
      26.666778       0.000045      -0.000000
      26.696807       0.000045      -0.000000
      26.726836       0.000046      -0.000000
      26.756865       0.000047       0.000001
      26.786894       0.000047       0.000003
      26.816923       0.000045       0.000004
      26.846952       0.000044       0.000005
      26.876981       0.000042       0.000004
      26.907010       0.000041       0.000003
      26.937039       0.000040       0.000002
      26.967068       0.000040       0.000000
      26.997097       0.000041      -0.000002
      27.027126       0.000043      -0.000002
      27.057155       0.000045      -0.000000
      27.087184       0.000044       0.000002
      27.117213       0.000042       0.000002
      27.147242       0.000040       0.000002
      27.177271       0.000039      -0.000000
      27.207300       0.000039      -0.000002
      27.237329       0.000040      -0.000004
      27.267358       0.000042      -0.000006
      27.297387       0.000045      -0.000005
      27.327416       0.000046      -0.000004
      27.357445       0.000046      -0.000002
      27.387474       0.000046      -0.000002
      27.417504       0.000045      -0.000002
      27.447533       0.000045      -0.000002
      27.477562       0.000044      -0.000002
      27.507591       0.000044      -0.000003
      27.537620       0.000045      -0.000005
      27.567649       0.000046      -0.000006
      27.597678       0.000049      -0.000006
      27.627707       0.000051      -0.000004
      27.657736       0.000051      -0.000002
      27.687765       0.000051       0.000000
      27.717794       0.000049       0.000001
      27.747823       0.000048       0.000001
      27.777852       0.000048       0.000001
      27.807881       0.000047       0.000001
      27.837910       0.000047       0.000000
      27.867939       0.000047      -0.000000
      27.897968       0.000047      -0.000000
      27.927997       0.000047      -0.000001
      27.958026       0.000047      -0.000002
      27.988055       0.000048      -0.000003
      28.018084       0.000050      -0.000003
      28.048113       0.000052      -0.000002
      28.078142       0.000053       0.000001
      28.108171       0.000052       0.000004
      28.138200       0.000050       0.000005
      28.168229       0.000047       0.000006
      28.198258       0.000046       0.000005
      28.228287       0.000044       0.000003
      28.258316       0.000043       0.000002
      28.288345       0.000044      -0.000000
      28.318374       0.000045      -0.000002
      28.348403       0.000047      -0.000002
      28.378432       0.000047      -0.000001
      28.408461       0.000048      -0.000001
      28.438490       0.000048      -0.000000
      28.468520       0.000048       0.000000
      28.498549       0.000047       0.000001
      28.528578       0.000046       0.000001
      28.558607       0.000046       0.000000
      28.588636       0.000046      -0.000000
      28.618665       0.000045      -0.000001
      28.648694       0.000045      -0.000002
      28.678723       0.000046      -0.000003
      28.708752       0.000047      -0.000003
      28.738781       0.000047      -0.000002
      28.768810       0.000047      -0.000002
      28.798839       0.000046      -0.000003
      28.828868       0.000046      -0.000005
      28.858897       0.000047      -0.000006
      28.888926       0.000049      -0.000008
      28.918955       0.000051      -0.000008
      28.948984       0.000054      -0.000007
      28.979013       0.000056      -0.000005
      29.009042       0.000057      -0.000003
      29.039071       0.000056      -0.000001
      29.069100       0.000055       0.000001
      29.099129       0.000054       0.000001
      29.129158       0.000054       0.000002
      29.159187       0.000053       0.000002
      29.189216       0.000052       0.000003
      29.219245       0.000050       0.000003
      29.249274       0.000050       0.000001
      29.279303       0.000050      -0.000000
      29.309332       0.000051      -0.000000
      29.339361       0.000052       0.000001
      29.369390       0.000050       0.000001
      29.399419       0.000049       0.000001
      29.429448       0.000049      -0.000001
      29.459477       0.000050      -0.000002
      29.489507       0.000051      -0.000003
      29.519536       0.000052      -0.000003
      29.549565       0.000054      -0.000003
      29.579594       0.000055      -0.000002
      29.609623       0.000055       0.000000
      29.639652       0.000053       0.000001
      29.669681       0.000052       0.000000
      29.699710       0.000052      -0.000001
      29.729739       0.000052      -0.000002
      29.759768       0.000053      -0.000002
      29.789797       0.000053      -0.000002
      29.819826       0.000054      -0.000002
      29.849855       0.000055      -0.000002
      29.879884       0.000056      -0.000001
      29.909913       0.000057      -0.000000
      29.939942       0.000056       0.000001
      29.969971       0.000055       0.000002
      30.000000       0.000054       0.000001
