  # energy grid [eV]     epsr     epsi
       0.001000       6.125402       0.000028
       0.031029       6.125537       0.000870
       0.061058       6.125924       0.001712
       0.091087       6.126564       0.002555
       0.121116       6.127456       0.003399
       0.151145       6.128602       0.004245
       0.181174       6.130002       0.005093
       0.211203       6.131656       0.005942
       0.241232       6.133565       0.006795
       0.271261       6.135730       0.007650
       0.301290       6.138153       0.008509
       0.331319       6.140833       0.009372
       0.361348       6.143772       0.010239
       0.391377       6.146972       0.011110
       0.421406       6.150434       0.011987
       0.451435       6.154160       0.012869
       0.481464       6.158150       0.013756
       0.511493       6.162408       0.014650
       0.541523       6.166935       0.015551
       0.571552       6.171732       0.016459
       0.601581       6.176803       0.017374
       0.631610       6.182150       0.018298
       0.661639       6.187775       0.019230
       0.691668       6.193680       0.020172
       0.721697       6.199869       0.021122
       0.751726       6.206344       0.022083
       0.781755       6.213109       0.023055
       0.811784       6.220167       0.024038
       0.841813       6.227521       0.025032
       0.871842       6.235175       0.026039
       0.901871       6.243132       0.027059
       0.931900       6.251397       0.028092
       0.961929       6.259974       0.029140
       0.991958       6.268866       0.030202
       1.021987       6.278079       0.031280
       1.052016       6.287618       0.032374
       1.082045       6.297487       0.033486
       1.112074       6.307691       0.034615
       1.142103       6.318236       0.035762
       1.172132       6.329128       0.036930
       1.202161       6.340372       0.038117
       1.232190       6.351975       0.039326
       1.262219       6.363943       0.040556
       1.292248       6.376283       0.041810
       1.322277       6.389002       0.043088
       1.352306       6.402108       0.044392
       1.382335       6.415607       0.045721
       1.412364       6.429509       0.047079
       1.442393       6.443821       0.048464
       1.472422       6.458552       0.049881
       1.502451       6.473711       0.051328
       1.532480       6.489308       0.052808
       1.562510       6.505354       0.054323
       1.592539       6.521857       0.055873
       1.622568       6.538830       0.057462
       1.652597       6.556284       0.059089
       1.682626       6.574231       0.060757
       1.712655       6.592682       0.062469
       1.742684       6.611653       0.064226
       1.772713       6.631155       0.066030
       1.802742       6.651204       0.067884
       1.832771       6.671814       0.069789
       1.862800       6.693002       0.071750
       1.892829       6.714783       0.073767
       1.922858       6.737177       0.075845
       1.952887       6.760200       0.077986
       1.982916       6.783872       0.080194
       2.012945       6.808214       0.082471
       2.042974       6.833246       0.084823
       2.073003       6.858991       0.087252
       2.103032       6.885473       0.089763
       2.133061       6.912717       0.092361
       2.163090       6.940749       0.095050
       2.193119       6.969597       0.097836
       2.223148       6.999290       0.100724
       2.253177       7.029859       0.103720
       2.283206       7.061338       0.106831
       2.313235       7.093761       0.110064
       2.343264       7.127165       0.113426
       2.373293       7.161590       0.116926
       2.403322       7.197077       0.120572
       2.433351       7.233671       0.124373
       2.463380       7.271419       0.128342
       2.493409       7.310371       0.132488
       2.523438       7.350583       0.136824
       2.553467       7.392111       0.141364
       2.583496       7.435017       0.146123
       2.613526       7.479368       0.151117
       2.643555       7.525235       0.156363
       2.673584       7.572694       0.161883
       2.703613       7.621829       0.167697
       2.733642       7.672728       0.173831
       2.763671       7.725489       0.180311
       2.793700       7.780214       0.187167
       2.823729       7.837020       0.194434
       2.853758       7.896028       0.202149
       2.883787       7.957374       0.210355
       2.913816       8.021205       0.219101
       2.943845       8.087685       0.228443
       2.973874       8.156990       0.238442
       3.003903       8.229317       0.249173
       3.033932       8.304884       0.260719
       3.063961       8.383933       0.273178
       3.093990       8.466732       0.286664
       3.124019       8.553583       0.301312
       3.154048       8.644825       0.317283
       3.184077       8.740838       0.334771
       3.214106       8.842056       0.354009
       3.244135       8.948971       0.375289
       3.274164       9.062142       0.398972
       3.304193       9.182211       0.425517
       3.334222       9.309907       0.455518
       3.364251       9.446058       0.489760
       3.394280       9.591571       0.529298
       3.424309       9.747390       0.575579
       3.454338       9.914338       0.630580
       3.484367      10.092783       0.696902
       3.514396      10.282073       0.777512
       3.544425      10.480276       0.874654
       3.574454      10.685757       0.988803
       3.604483      10.898703       1.120728
       3.634513      11.118752       1.272142
       3.664542      11.347044       1.443967
       3.694571      11.585836       1.641048
       3.724600      11.835109       1.869072
       3.754629      12.097079       2.138564
       3.784658      12.362575       2.469344
       3.814687      12.605740       2.873649
       3.844716      12.790503       3.346675
       3.874745      12.887093       3.849086
       3.904774      12.918563       4.329339
       3.934803      12.939422       4.793668
       3.964832      12.954431       5.294197
       3.994861      12.916209       5.851246
       4.024890      12.785532       6.436069
       4.054919      12.564279       7.009347
       4.084948      12.264957       7.569416
       4.114977      11.853263       8.107802
       4.145006      11.313515       8.547195
       4.175035      10.721582       8.812496
       4.205064      10.195491       8.920575
       4.235093       9.794874       8.983227
       4.265122       9.454219       9.105988
       4.295151       9.066986       9.287948
       4.325180       8.567170       9.461444
       4.355209       7.946729       9.520507
       4.385238       7.277699       9.365850
       4.415267       6.704981       8.951999
       4.445296       6.402236       8.365527
       4.475325       6.419729       7.813491
       4.505354       6.640723       7.451373
       4.535383       6.922074       7.287243
       4.565412       7.213225       7.275176
       4.595441       7.492669       7.423825
       4.625470       7.680426       7.743325
       4.655499       7.681368       8.160020
       4.685529       7.489903       8.536947
       4.715558       7.205399       8.793938
       4.745587       6.923425       8.963266
       4.775616       6.646171       9.117039
       4.805645       6.311140       9.257274
       4.835674       5.903632       9.304067
       4.865703       5.508769       9.189052
       4.895732       5.256226       8.949643
       4.925761       5.199710       8.722977
       4.955790       5.274181       8.636485
       4.985819       5.353774       8.739271
       5.015848       5.307917       8.983790
       5.045877       5.083683       9.244500
       5.075906       4.725681       9.409674
       5.105935       4.336296       9.430289
       5.135964       4.013233       9.352780
       5.165993       3.768911       9.269410
       5.196022       3.544735       9.226371
       5.226051       3.284595       9.204663
       5.256080       2.967603       9.153045
       5.286109       2.621686       9.016630
       5.316138       2.311713       8.777773
       5.346167       2.104155       8.473461
       5.376196       2.013300       8.189664
       5.406225       1.974790       7.977418
       5.436254       1.940385       7.811322
       5.466283       1.913302       7.673493
       5.496312       1.885645       7.570953
       5.526341       1.839014       7.491983
       5.556370       1.776167       7.417898
       5.586399       1.705861       7.346263
       5.616428       1.627300       7.276545
       5.646457       1.548123       7.201023
       5.676486       1.486481       7.139126
       5.706516       1.408320       7.129064
       5.736545       1.247235       7.135516
       5.766574       1.013140       7.073227
       5.796603       0.780763       6.909317
       5.826632       0.613953       6.677285
       5.856661       0.530264       6.437600
       5.886690       0.501673       6.241137
       5.916719       0.475097       6.096848
       5.946748       0.422140       5.971170
       5.976777       0.355974       5.839623
       6.006806       0.285079       5.710235
       6.036835       0.190220       5.582002
       6.066864       0.063655       5.423673
       6.096893      -0.070891       5.207438
       6.126922      -0.177225       4.925811
       6.156951      -0.215640       4.595493
       6.186980      -0.168083       4.257554
       6.217009      -0.040475       3.946730
       6.247038       0.154310       3.696291
       6.277067       0.378148       3.537501
       6.307096       0.572090       3.466248
       6.337125       0.698922       3.434978
       6.367154       0.768051       3.392074
       6.397183       0.811122       3.311899
       6.427212       0.865348       3.189270
       6.457241       0.967336       3.047906
       6.487270       1.121460       2.936246
       6.517299       1.291093       2.886266
       6.547328       1.432304       2.888884
       6.577357       1.529509       2.910760
       6.607386       1.593465       2.931803
       6.637415       1.628188       2.949814
       6.667444       1.628369       2.951008
       6.697473       1.606989       2.914582
       6.727503       1.585526       2.833717
       6.757532       1.589539       2.707603
       6.787561       1.649038       2.560438
       6.817590       1.760173       2.434636
       6.847619       1.892410       2.347365
       6.877648       2.022492       2.290337
       6.907677       2.145260       2.247705
       6.937706       2.268401       2.216231
       6.967735       2.386144       2.202943
       6.997764       2.487734       2.197032
       7.027793       2.582243       2.187465
       7.057822       2.674732       2.179744
       7.087851       2.759908       2.171057
       7.117880       2.844526       2.152736
       7.147909       2.940348       2.129772
       7.177938       3.047035       2.113328
       7.207967       3.157505       2.106441
       7.237996       3.268425       2.106658
       7.268025       3.379534       2.111877
       7.298054       3.492620       2.121048
       7.328083       3.609109       2.137154
       7.358112       3.724394       2.162561
       7.388141       3.834777       2.191349
       7.418170       3.947210       2.218542
       7.448199       4.068218       2.251759
       7.478228       4.189788       2.300418
       7.508257       4.297476       2.356624
       7.538286       4.396183       2.399353
       7.568315       4.511286       2.425227
       7.598344       4.656686       2.455311
       7.628373       4.825497       2.507086
       7.658402       5.010369       2.587250
       7.688431       5.205074       2.706254
       7.718460       5.389416       2.872763
       7.748489       5.539940       3.072273
       7.778519       5.660857       3.279088
       7.808548       5.772364       3.497313
       7.838577       5.861151       3.749270
       7.868606       5.889965       4.017882
       7.898635       5.865524       4.251128
       7.928664       5.836619       4.440871
       7.958693       5.811866       4.610245
       7.988722       5.799994       4.742409
       8.018751       5.862707       4.856382
       8.048780       6.011777       5.050119
       8.078809       6.157804       5.396026
       8.108838       6.186292       5.870476
       8.138867       6.034372       6.387113
       8.168896       5.691117       6.842063
       8.198925       5.221540       7.128606
       8.228954       4.745566       7.231521
       8.258983       4.320396       7.193461
       8.289012       3.994547       7.033032
       8.319041       3.830468       6.820879
       8.349070       3.813167       6.666163
       8.379099       3.858793       6.623495
       8.409128       3.891969       6.676186
       8.439157       3.877211       6.781375
       8.469186       3.811285       6.894593
       8.499215       3.715186       6.984857
       8.529244       3.626438       7.037670
       8.559273       3.598254       7.077817
       8.589302       3.649409       7.191415
       8.619331       3.694771       7.473025
       8.649360       3.571899       7.901710
       8.679389       3.190941       8.320678
       8.709418       2.601455       8.556433
       8.739447       1.960809       8.504549
       8.769476       1.471009       8.206128
       8.799506       1.230533       7.843303
       8.829535       1.163894       7.591466
       8.859564       1.106528       7.487365
       8.889593       0.960310       7.426058
       8.919622       0.771319       7.301158
       8.949651       0.627296       7.120525
       8.979680       0.540820       6.947347
       9.009709       0.471639       6.802137
       9.039738       0.398082       6.663906
       9.069767       0.323777       6.509062
       9.099796       0.273874       6.318096
       9.129825       0.298417       6.103768
       9.159854       0.418671       5.934517
       9.189883       0.585950       5.869205
       9.219912       0.735167       5.912746
       9.249941       0.815566       6.039473
       9.279970       0.798917       6.199214
       9.309999       0.695401       6.345072
       9.340028       0.521067       6.456261
       9.370057       0.278897       6.505344
       9.400086       0.004946       6.440576
       9.430115      -0.207966       6.262621
       9.460144      -0.314961       6.054367
       9.490173      -0.347985       5.879109
       9.520202      -0.354244       5.755411
       9.550231      -0.372484       5.667458
       9.580260      -0.410984       5.585448
       9.610289      -0.460890       5.495388
       9.640318      -0.522340       5.387697
       9.670347      -0.579499       5.232658
       9.700376      -0.571651       5.033284
       9.730405      -0.473557       4.860829
       9.760434      -0.335219       4.764393
       9.790463      -0.203066       4.730430
       9.820492      -0.083273       4.741727
       9.850522       0.012308       4.802332
       9.880551       0.059783       4.896358
       9.910580       0.061380       5.000519
       9.940609       0.014663       5.117592
       9.970638      -0.115547       5.221415
      10.000667      -0.311649       5.231698
      10.030696      -0.472172       5.123596
      10.060725      -0.524292       4.976797
      10.090754      -0.496383       4.886763
      10.120783      -0.471798       4.874230
      10.150812      -0.493683       4.888309
      10.180841      -0.539390       4.892755
      10.210870      -0.591697       4.903112
      10.240899      -0.677335       4.928762
      10.270928      -0.820656       4.933483
      10.300957      -0.996559       4.865780
      10.330986      -1.138037       4.719984
      10.361015      -1.209905       4.553316
      10.391044      -1.243950       4.409099
      10.421073      -1.269846       4.275771
      10.451102      -1.281474       4.142839
      10.481131      -1.279011       4.018411
      10.511160      -1.269283       3.900732
      10.541189      -1.252272       3.789695
      10.571218      -1.236118       3.682030
      10.601247      -1.211775       3.561656
      10.631276      -1.154658       3.442666
      10.661305      -1.077231       3.357754
      10.691334      -1.016061       3.302825
      10.721363      -0.975336       3.244960
      10.751392      -0.931943       3.177612
      10.781421      -0.883672       3.113869
      10.811450      -0.840064       3.047798
      10.841479      -0.789674       2.963230
      10.871509      -0.702685       2.865783
      10.901538      -0.564360       2.793780
      10.931567      -0.403299       2.786462
      10.961596      -0.267981       2.841511
      10.991625      -0.178950       2.926692
      11.021654      -0.133542       3.021859
      11.051683      -0.133074       3.111370
      11.081712      -0.167647       3.174323
      11.111741      -0.218012       3.202002
      11.141770      -0.266577       3.193911
      11.171799      -0.295371       3.155611
      11.201828      -0.286250       3.102119
      11.231857      -0.229772       3.067117
      11.261886      -0.151384       3.089430
      11.291915      -0.100908       3.175561
      11.321944      -0.121323       3.298529
      11.351973      -0.236427       3.402102
      11.382002      -0.414930       3.413015
      11.412031      -0.568182       3.313388
      11.442060      -0.640211       3.165650
      11.472089      -0.651718       3.026671
      11.502118      -0.630992       2.897467
      11.532147      -0.569514       2.775397
      11.562176      -0.464351       2.688524
      11.592205      -0.344952       2.658033
      11.622234      -0.242531       2.676373
      11.652263      -0.174685       2.724852
      11.682292      -0.147026       2.778456
      11.712321      -0.145720       2.816797
      11.742350      -0.154703       2.840033
      11.772379      -0.172439       2.849361
      11.802408      -0.190040       2.835496
      11.832437      -0.185636       2.803888
      11.862466      -0.149996       2.778952
      11.892495      -0.095050       2.785226
      11.922525      -0.048587       2.833390
      11.952554      -0.040026       2.910570
      11.982583      -0.082587       2.988095
      12.012612      -0.171503       3.033056
      12.042641      -0.276363       3.018741
      12.072670      -0.355443       2.950557
      12.102699      -0.383935       2.857139
      12.132728      -0.359963       2.777529
      12.162757      -0.313753       2.739090
      12.192786      -0.278155       2.731952
      12.222815      -0.258059       2.734867
      12.252844      -0.246250       2.740964
      12.282873      -0.240149       2.751979
      12.312902      -0.243157       2.770991
      12.342931      -0.266406       2.794383
      12.372960      -0.312402       2.804161
      12.402989      -0.367143       2.789866
      12.433018      -0.419451       2.752199
      12.463047      -0.459874       2.692984
      12.493076      -0.479019       2.618520
      12.523105      -0.470183       2.539483
      12.553134      -0.432779       2.472137
      12.583163      -0.380290       2.430965
      12.613192      -0.332428       2.413631
      12.643221      -0.295469       2.404435
      12.673250      -0.258575       2.396164
      12.703279      -0.216741       2.399417
      12.733308      -0.181545       2.419296
      12.763337      -0.158815       2.447063
      12.793366      -0.143653       2.480249
      12.823395      -0.138831       2.526658
      12.853424      -0.161929       2.585680
      12.883453      -0.226000       2.635119
      12.913482      -0.320942       2.646721
      12.943512      -0.417881       2.606480
      12.973541      -0.485461       2.524671
      13.003570      -0.509773       2.429511
      13.033599      -0.500550       2.346095
      13.063628      -0.475747       2.281638
      13.093657      -0.447464       2.233271
      13.123686      -0.423931       2.192845
      13.153715      -0.401581       2.146804
      13.183744      -0.362923       2.095910
      13.213773      -0.304645       2.060475
      13.243802      -0.244365       2.049581
      13.273831      -0.193763       2.054661
      13.303860      -0.153492       2.068024
      13.333889      -0.122658       2.086121
      13.363918      -0.100370       2.107102
      13.393947      -0.087543       2.130121
      13.423976      -0.086675       2.151092
      13.454005      -0.094652       2.161898
      13.484034      -0.101487       2.161541
      13.514063      -0.102966       2.156027
      13.544092      -0.098686       2.149808
      13.574121      -0.091788       2.148157
      13.604150      -0.090416       2.148486
      13.634179      -0.092087       2.139950
      13.664208      -0.083081       2.122792
      13.694237      -0.057939       2.111092
      13.724266      -0.026454       2.117022
      13.754295      -0.003726       2.137122
      13.784324       0.011058       2.159110
      13.814353       0.026002       2.187153
      13.844382       0.032411       2.230794
      13.874411       0.012526       2.283433
      13.904440      -0.038780       2.320049
      13.934469      -0.099461       2.319181
      13.964498      -0.136583       2.288336
      13.994528      -0.138901       2.259901
      14.024557      -0.126203       2.258436
      14.054586      -0.124513       2.282265
      14.084615      -0.146471       2.316048
      14.114644      -0.193013       2.344062
      14.144673      -0.256787       2.354327
      14.174702      -0.327826       2.343106
      14.204731      -0.399857       2.308213
      14.234760      -0.460447       2.246676
      14.264789      -0.494285       2.169912
      14.294818      -0.503117       2.097162
      14.324847      -0.499806       2.034301
      14.354876      -0.489381       1.976605
      14.384905      -0.468984       1.924468
      14.414934      -0.441262       1.884149
      14.444963      -0.414680       1.856094
      14.474992      -0.393870       1.833919
      14.505021      -0.376102       1.811520
      14.535050      -0.355774       1.789925
      14.565079      -0.334097       1.774568
      14.595108      -0.316862       1.764269
      14.625137      -0.303302       1.753590
      14.655166      -0.289005       1.743906
      14.685195      -0.276423       1.739539
      14.715224      -0.271160       1.739528
      14.745253      -0.278033       1.738158
      14.775282      -0.295787       1.723250
      14.805311      -0.308771       1.687011
      14.835340      -0.300147       1.640860
      14.865369      -0.270500       1.604861
      14.895398      -0.234318       1.590591
      14.925427      -0.210804       1.596424
      14.955456      -0.213451       1.603688
      14.985485      -0.232524       1.587580
      15.015515      -0.240294       1.544386
      15.045544      -0.222032       1.495221
      15.075573      -0.186796       1.457761
      15.105602      -0.146926       1.432460
      15.135631      -0.104379       1.414971
      15.165660      -0.058488       1.407956
      15.195689      -0.015687       1.414340
      15.225718       0.017825       1.429871
      15.255747       0.039838       1.449627
      15.285776       0.048868       1.466884
      15.315805       0.050193       1.472817
      15.345834       0.056124       1.466766
      15.375863       0.073568       1.458792
      15.405892       0.098845       1.459084
      15.435921       0.122830       1.470842
      15.465950       0.138922       1.489656
      15.495979       0.146510       1.511254
      15.526008       0.143686       1.534156
      15.556037       0.127658       1.552473
      15.586066       0.100736       1.559055
      15.616095       0.067761       1.547080
      15.646124       0.040873       1.511619
      15.676153       0.034430       1.459164
      15.706182       0.054757       1.403300
      15.736211       0.100537       1.358570
      15.766240       0.161562       1.337402
      15.796269       0.221871       1.342318
      15.826298       0.269983       1.365810
      15.856327       0.302406       1.399103
      15.886356       0.316936       1.435890
      15.916385       0.312873       1.464744
      15.946414       0.302549       1.475781
      15.976443       0.299240       1.475880
      16.006472       0.301145       1.475158
      16.036502       0.302535       1.472729
      16.066531       0.305212       1.463632
      16.096560       0.316603       1.448067
      16.126589       0.341200       1.434962
      16.156618       0.372269       1.432391
      16.186647       0.403505       1.437606
      16.216676       0.436336       1.450501
      16.246705       0.466234       1.476013
      16.276734       0.482731       1.512062
      16.306763       0.478824       1.546366
      16.336792       0.461318       1.562567
      16.366821       0.449282       1.557059
      16.396850       0.454901       1.543382
      16.426879       0.473196       1.535451
      16.456908       0.493592       1.532562
      16.486937       0.519016       1.525580
      16.516966       0.563490       1.520763
      16.546995       0.623695       1.539537
      16.577024       0.676605       1.588618
      16.607053       0.705784       1.652696
      16.637082       0.714791       1.713327
      16.667111       0.717171       1.766574
      16.697140       0.717303       1.821029
      16.727169       0.707464       1.878544
      16.757198       0.686409       1.930133
      16.787227       0.663052       1.972516
      16.817256       0.643656       2.012086
      16.847285       0.626936       2.058204
      16.877314       0.601752       2.118097
      16.907343       0.550423       2.184152
      16.937372       0.469293       2.233112
      16.967401       0.374856       2.247501
      16.997430       0.290161       2.226012
      17.027459       0.233413       2.183539
      17.057488       0.204940       2.142010
      17.087518       0.192596       2.111577
      17.117547       0.187607       2.092074
      17.147576       0.186190       2.081330
      17.177605       0.189129       2.078669
      17.207634       0.196110       2.091813
      17.237663       0.192078       2.127818
      17.267692       0.157807       2.174236
      17.297721       0.092255       2.204806
      17.327750       0.017128       2.204383
      17.357779      -0.048732       2.182174
      17.387808      -0.104462       2.149844
      17.417837      -0.153500       2.109410
      17.447866      -0.193860       2.057550
      17.477895      -0.215483       1.996382
      17.507924      -0.212593       1.939901
      17.537953      -0.192920       1.904423
      17.567982      -0.176405       1.897053
      17.598011      -0.185008       1.905416
      17.628040      -0.220556       1.901550
      17.658069      -0.260966       1.871707
      17.688098      -0.289544       1.825402
      17.718127      -0.306054       1.772975
      17.748156      -0.311625       1.715676
      17.778185      -0.302124       1.656375
      17.808214      -0.277305       1.603170
      17.838243      -0.242731       1.560852
      17.868272      -0.202832       1.529812
      17.898301      -0.160368       1.510595
      17.928330      -0.119438       1.504058
      17.958359      -0.085814       1.508153
      17.988388      -0.063131       1.516719
      18.018417      -0.050039       1.521909
      18.048446      -0.039023       1.518770
      18.078475      -0.020918       1.510565
      18.108505       0.006872       1.506648
      18.138534       0.039436       1.514723
      18.168563       0.067423       1.537361
      18.198592       0.081898       1.568982
      18.228621       0.080999       1.599334
      18.258650       0.071441       1.620656
      18.288679       0.061543       1.635635
      18.318708       0.049432       1.649208
      18.348737       0.033241       1.657873
      18.378766       0.017260       1.661077
      18.408795       0.000104       1.662116
      18.438824      -0.021683       1.655627
      18.468853      -0.039728       1.634101
      18.498882      -0.040655       1.603530
      18.528911      -0.022654       1.579356
      18.558940       0.003279       1.570838
      18.588969       0.026890       1.574128
      18.618998       0.048700       1.584173
      18.649027       0.068763       1.603944
      18.679056       0.080796       1.634062
      18.709085       0.079803       1.669842
      18.739114       0.064574       1.704669
      18.769143       0.037696       1.733830
      18.799172       0.000071       1.754980
      18.829201      -0.046721       1.761171
      18.859230      -0.092055       1.747385
      18.889259      -0.125540       1.720017
      18.919288      -0.146002       1.687437
      18.949317      -0.154482       1.654552
      18.979346      -0.153680       1.625335
      19.009375      -0.146058       1.600973
      19.039404      -0.133138       1.584019
      19.069433      -0.120215       1.577111
      19.099462      -0.115505       1.577441
      19.129491      -0.122958       1.573374
      19.159521      -0.132052       1.552859
      19.189550      -0.124868       1.519966
      19.219579      -0.095811       1.492460
      19.249608      -0.054923       1.483476
      19.279637      -0.015659       1.494367
      19.309666       0.012983       1.518456
      19.339695       0.029630       1.546658
      19.369724       0.039646       1.573680
      19.399753       0.049320       1.603591
      19.429782       0.053076       1.646421
      19.459811       0.033066       1.698602
      19.489840      -0.016983       1.737460
      19.519869      -0.080882       1.744471
      19.549898      -0.136561       1.719242
      19.579927      -0.168698       1.674189
      19.609956      -0.174965       1.627366
      19.639985      -0.166034       1.588511
      19.670014      -0.148512       1.552813
      19.700043      -0.115259       1.518479
      19.730072      -0.062014       1.497041
      19.760101       0.003482       1.499209
      19.790130       0.071871       1.529053
      19.820159       0.131765       1.590754
      19.850188       0.163782       1.680469
      19.880217       0.154664       1.776470
      19.910246       0.113641       1.855031
      19.940275       0.058803       1.910842
      19.970304      -0.001245       1.946943
      20.000333      -0.059375       1.963657
      20.030362      -0.106185       1.966253
      20.060391      -0.137760       1.967452
      20.090420      -0.164510       1.979326
      20.120449      -0.202958       1.994752
      20.150478      -0.248523       1.994346
      20.180508      -0.280593       1.978941
      20.210537      -0.294761       1.965251
      20.240566      -0.297821       1.959924
      20.270595      -0.291579       1.965522
      20.300624      -0.278094       1.988478
      20.330653      -0.265265       2.037742
      20.360682      -0.272190       2.115954
      20.390711      -0.315410       2.206301
      20.420740      -0.390297       2.289978
      20.450769      -0.490576       2.364211
      20.480798      -0.619604       2.422153
      20.510827      -0.771405       2.450047
      20.540856      -0.933599       2.442594
      20.570885      -1.096042       2.397784
      20.600914      -1.245799       2.316200
      20.630943      -1.370110       2.205245
      20.660972      -1.461553       2.080250
      20.691001      -1.527243       1.955959
      20.721030      -1.577051       1.831908
      20.751059      -1.608681       1.704822
      20.781088      -1.618254       1.581093
      20.811117      -1.610581       1.468771
      20.841146      -1.593343       1.368445
      20.871175      -1.569212       1.277457
      20.901204      -1.538730       1.195605
      20.931233      -1.503377       1.123499
      20.961262      -1.465011       1.061664
      20.991291      -1.426462       1.010376
      21.021320      -1.391030       0.967795
      21.051349      -1.359497       0.930872
      21.081378      -1.331919       0.898507
      21.111407      -1.309680       0.868780
      21.141436      -1.292426       0.838290
      21.171465      -1.277814       0.804232
      21.201494      -1.261419       0.765542
      21.231524      -1.239024       0.725370
      21.261553      -1.210520       0.688712
      21.291582      -1.178715       0.658901
      21.321611      -1.148173       0.637039
      21.351640      -1.123094       0.620145
      21.381669      -1.103758       0.603749
      21.411698      -1.088031       0.585057
      21.441727      -1.072907       0.563278
      21.471756      -1.055838       0.540047
      21.501785      -1.037301       0.518424
      21.531814      -1.020832       0.498165
      21.561843      -1.006438       0.474494
      21.591872      -0.988081       0.445880
      21.621901      -0.961589       0.417804
      21.651930      -0.929023       0.396384
      21.681959      -0.895616       0.384512
      21.711988      -0.867718       0.381092
      21.742017      -0.849474       0.380042
      21.772046      -0.838281       0.374037
      21.802075      -0.827307       0.361730
      21.832104      -0.813278       0.346798
      21.862133      -0.796457       0.331993
      21.892162      -0.777930       0.318975
      21.922191      -0.759621       0.307970
      21.952220      -0.742086       0.297588
      21.982249      -0.724363       0.287667
      22.012278      -0.706789       0.279242
      22.042307      -0.690852       0.271826
      22.072336      -0.676346       0.263535
      22.102365      -0.661474       0.254039
      22.132394      -0.645407       0.244427
      22.162423      -0.628132       0.235666
      22.192452      -0.610192       0.228747
      22.222481      -0.592905       0.223953
      22.252511      -0.577278       0.220425
      22.282540      -0.563267       0.216887
      22.312569      -0.549587       0.212759
      22.342598      -0.535197       0.209443
      22.372627      -0.521485       0.208824
      22.402656      -0.511631       0.210436
      22.432685      -0.507246       0.210405
      22.462714      -0.505535       0.204927
      22.492743      -0.501998       0.194299
      22.522772      -0.494838       0.181675
      22.552801      -0.485105       0.169111
      22.582830      -0.473696       0.156600
      22.612859      -0.460159       0.144219
      22.642888      -0.444411       0.133110
      22.672917      -0.427311       0.124070
      22.702946      -0.409735       0.117284
      22.732975      -0.392487       0.112685
      22.763004      -0.376310       0.109975
      22.793033      -0.362002       0.108484
      22.823062      -0.349767       0.106762
      22.853091      -0.338430       0.103724
      22.883120      -0.326575       0.099719
      22.913149      -0.313813       0.095962
      22.943178      -0.300918       0.093214
      22.973207      -0.288730       0.091196
      23.003236      -0.277450       0.089189
      23.033265      -0.266685       0.086653
      23.063294      -0.255874       0.083526
      23.093323      -0.244632       0.080033
      23.123352      -0.232713       0.076486
      23.153381      -0.220005       0.073396
      23.183410      -0.206889       0.071293
      23.213439      -0.193979       0.070162
      23.243468      -0.181521       0.069657
      23.273497      -0.169525       0.069550
      23.303527      -0.157964       0.069632
      23.333556      -0.146616       0.069709
      23.363585      -0.135138       0.069938
      23.393614      -0.123593       0.070696
      23.423643      -0.112264       0.071979
      23.453672      -0.101060       0.073667
      23.483701      -0.089922       0.076073
      23.513730      -0.079318       0.079393
      23.543759      -0.069637       0.083212
      23.573788      -0.060616       0.087084
      23.603817      -0.051844       0.091131
      23.633846      -0.043134       0.095754
      23.663875      -0.034639       0.101769
      23.693904      -0.027684       0.109968
      23.723933      -0.024457       0.119511
      23.753962      -0.025856       0.127534
      23.783991      -0.030017       0.131238
      23.814020      -0.033654       0.130294
      23.844049      -0.034668       0.126646
      23.874078      -0.033002       0.122616
      23.904107      -0.030002       0.119447
      23.934136      -0.026906       0.116853
      23.964165      -0.023958       0.114148
      23.994194      -0.020975       0.110880
      24.024223      -0.017300       0.106811
      24.054252      -0.012237       0.102719
      24.084281      -0.006357       0.099627
      24.114310      -0.000638       0.097426
      24.144339       0.004641       0.095499
      24.174368       0.009753       0.093426
      24.204397       0.015164       0.091371
      24.234426       0.020735       0.089970
      24.264455       0.025535       0.089356
      24.294484       0.028797       0.088473
      24.324514       0.031208       0.085852
      24.354543       0.034495       0.081345
      24.384572       0.039620       0.076190
      24.414601       0.046325       0.071583
      24.444630       0.053862       0.068086
      24.474659       0.061462       0.065625
      24.504688       0.068834       0.063688
      24.534717       0.076250       0.062023
      24.564746       0.083840       0.060892
      24.594775       0.091316       0.060464
      24.624804       0.098431       0.060603
      24.654833       0.105108       0.061167
      24.684862       0.111261       0.062055
      24.714891       0.116815       0.063098
      24.744920       0.121798       0.064118
      24.774949       0.126232       0.065013
      24.804978       0.130131       0.065545
      24.835007       0.133767       0.065523
      24.865036       0.137345       0.064921
      24.895065       0.141265       0.063618
      24.925094       0.146153       0.062070
      24.955123       0.151959       0.061222
      24.985152       0.157922       0.061651
      25.015181       0.163109       0.063270
      25.045210       0.166845       0.065425
      25.075239       0.168998       0.067150
      25.105268       0.170121       0.067607
      25.135297       0.171113       0.066606
      25.165326       0.172586       0.064449
      25.195355       0.174945       0.061535
      25.225384       0.178340       0.058530
      25.255413       0.182362       0.055969
      25.285442       0.186466       0.053852
      25.315471       0.190391       0.051843
      25.345501       0.194265       0.049603
      25.375530       0.198413       0.047090
      25.405559       0.203011       0.044535
      25.435588       0.208029       0.042152
      25.465617       0.213367       0.040104
      25.495646       0.218826       0.038484
      25.525675       0.224209       0.037217
      25.555704       0.229453       0.036149
      25.585733       0.234624       0.035172
      25.615762       0.239821       0.034312
      25.645791       0.245037       0.033670
      25.675820       0.250200       0.033308
      25.705849       0.255165       0.033280
      25.735878       0.259711       0.033454
      25.765907       0.263861       0.033557
      25.795936       0.267753       0.033555
      25.825965       0.271309       0.033416
      25.855994       0.274563       0.032853
      25.886023       0.277885       0.031713
      25.916052       0.281604       0.030200
      25.946081       0.285813       0.028610
      25.976110       0.290447       0.027217
      26.006139       0.295286       0.026191
      26.036168       0.300088       0.025503
      26.066197       0.304731       0.024992
      26.096226       0.309267       0.024495
      26.126255       0.313841       0.024001
      26.156284       0.318514       0.023619
      26.186313       0.323247       0.023478
      26.216342       0.327901       0.023675
      26.246371       0.332242       0.024186
      26.276400       0.336088       0.024770
      26.306429       0.339539       0.025105
      26.336458       0.342880       0.025116
      26.366487       0.346236       0.024935
      26.396517       0.349598       0.024597
      26.426546       0.353039       0.024093
      26.456575       0.356636       0.023519
      26.486604       0.360351       0.022977
      26.516633       0.364132       0.022485
      26.546662       0.367962       0.022067
      26.576691       0.371772       0.021739
      26.606720       0.375521       0.021423
      26.636749       0.379296       0.021072
      26.666778       0.383154       0.020779
      26.696807       0.387024       0.020626
      26.726836       0.390819       0.020606
      26.756865       0.394474       0.020689
      26.786894       0.397916       0.020787
      26.816923       0.401175       0.020750
      26.846952       0.404402       0.020515
      26.876981       0.407706       0.020162
      26.907010       0.411070       0.019774
      26.937039       0.414463       0.019330
      26.967068       0.417965       0.018803
      26.997097       0.421662       0.018298
      27.027126       0.425509       0.017965
      27.057155       0.429367       0.017870
      27.087184       0.433102       0.017973
      27.117213       0.436646       0.018176
      27.147242       0.439996       0.018386
      27.177271       0.443169       0.018522
      27.207300       0.446234       0.018510
      27.237329       0.449285       0.018352
      27.267358       0.452354       0.018073
      27.297387       0.455496       0.017657
      27.327416       0.458818       0.017171
      27.357445       0.462318       0.016771
      27.387474       0.465872       0.016537
      27.417504       0.469367       0.016424
      27.447533       0.472774       0.016341
      27.477562       0.476145       0.016219
      27.507591       0.479565       0.016072
      27.537620       0.483052       0.015988
      27.567649       0.486541       0.016014
      27.597678       0.489985       0.016130
      27.627707       0.493363       0.016327
      27.657736       0.496627       0.016590
      27.687765       0.499757       0.016845
      27.717794       0.502805       0.017044
      27.747823       0.505796       0.017207
      27.777852       0.508713       0.017311
      27.807881       0.511605       0.017312
      27.837910       0.514539       0.017235
      27.867939       0.517526       0.017137
      27.897968       0.520549       0.017041
      27.927997       0.523608       0.016971
      27.958026       0.526666       0.016963
      27.988055       0.529665       0.017002
      28.018084       0.532571       0.017035
      28.048113       0.535400       0.016992
      28.078142       0.538217       0.016836
      28.108171       0.541090       0.016578
      28.138200       0.544075       0.016267
      28.168229       0.547185       0.015986
      28.198258       0.550363       0.015810
      28.228287       0.553520       0.015740
      28.258316       0.556602       0.015723
      28.288345       0.559608       0.015687
      28.318374       0.562584       0.015585
      28.348403       0.565593       0.015415
      28.378432       0.568688       0.015216
      28.408461       0.571881       0.015061
      28.438490       0.575119       0.015011
      28.468520       0.578325       0.015065
      28.498549       0.581460       0.015162
      28.528578       0.584557       0.015247
      28.558607       0.587668       0.015345
      28.588636       0.590768       0.015514
      28.618665       0.593787       0.015733
      28.648694       0.596721       0.015937
      28.678723       0.599614       0.016110
      28.708752       0.602454       0.016267
      28.738781       0.605221       0.016348
      28.768810       0.608006       0.016287
      28.798839       0.610924       0.016155
      28.828868       0.613960       0.016061
      28.858897       0.617076       0.016035
      28.888926       0.620261       0.016117
      28.918955       0.623461       0.016372
      28.948984       0.626560       0.016818
      28.979013       0.629445       0.017383
      29.009042       0.632062       0.017935
      29.039071       0.634453       0.018323
      29.069100       0.636758       0.018468
      29.099129       0.639091       0.018404
      29.129158       0.641512       0.018178
      29.159187       0.644064       0.017863
      29.189216       0.646708       0.017529
      29.219245       0.649403       0.017144
      29.249274       0.652214       0.016679
      29.279303       0.655208       0.016210
      29.309332       0.658364       0.015855
      29.339361       0.661571       0.015677
      29.369390       0.664717       0.015639
      29.399419       0.667768       0.015649
      29.429448       0.670755       0.015655
      29.459477       0.673695       0.015656
      29.489507       0.676574       0.015633
      29.519536       0.679397       0.015535
      29.549565       0.682215       0.015316
      29.579594       0.685117       0.014975
      29.609623       0.688172       0.014582
      29.639652       0.691375       0.014236
      29.669681       0.694661       0.013990
      29.699710       0.697964       0.013843
      29.729739       0.701241       0.013761
      29.759768       0.704493       0.013693
      29.789797       0.707753       0.013626
      29.819826       0.711034       0.013577
      29.849855       0.714328       0.013551
      29.879884       0.717640       0.013547
      29.909913       0.720974       0.013588
      29.939942       0.724297       0.013691
      29.969971       0.727571       0.013838
      30.000000       0.730777       0.013989
