  # energy grid [eV]     epsr     epsi
       0.001000      -0.000879       0.000000
       0.031029      -0.000879       0.000000
       0.061058      -0.000880      -0.000000
       0.091087      -0.000880      -0.000001
       0.121116      -0.000880      -0.000001
       0.151145      -0.000881      -0.000001
       0.181174      -0.000881      -0.000002
       0.211203      -0.000882      -0.000002
       0.241232      -0.000883      -0.000002
       0.271261      -0.000883      -0.000003
       0.301290      -0.000884      -0.000003
       0.331319      -0.000885      -0.000003
       0.361348      -0.000887      -0.000004
       0.391377      -0.000888      -0.000004
       0.421406      -0.000889      -0.000004
       0.451435      -0.000891      -0.000005
       0.481464      -0.000892      -0.000005
       0.511493      -0.000894      -0.000005
       0.541523      -0.000896      -0.000006
       0.571552      -0.000898      -0.000006
       0.601581      -0.000900      -0.000007
       0.631610      -0.000902      -0.000007
       0.661639      -0.000904      -0.000007
       0.691668      -0.000907      -0.000008
       0.721697      -0.000909      -0.000008
       0.751726      -0.000912      -0.000009
       0.781755      -0.000915      -0.000009
       0.811784      -0.000917      -0.000009
       0.841813      -0.000920      -0.000010
       0.871842      -0.000924      -0.000010
       0.901871      -0.000927      -0.000011
       0.931900      -0.000930      -0.000011
       0.961929      -0.000934      -0.000012
       0.991958      -0.000937      -0.000012
       1.021987      -0.000941      -0.000012
       1.052016      -0.000945      -0.000013
       1.082045      -0.000949      -0.000013
       1.112074      -0.000954      -0.000014
       1.142103      -0.000958      -0.000015
       1.172132      -0.000962      -0.000015
       1.202161      -0.000967      -0.000016
       1.232190      -0.000972      -0.000016
       1.262219      -0.000977      -0.000017
       1.292248      -0.000982      -0.000017
       1.322277      -0.000988      -0.000018
       1.352306      -0.000993      -0.000019
       1.382335      -0.000999      -0.000019
       1.412364      -0.001005      -0.000020
       1.442393      -0.001011      -0.000020
       1.472422      -0.001018      -0.000021
       1.502451      -0.001024      -0.000022
       1.532480      -0.001031      -0.000023
       1.562510      -0.001038      -0.000023
       1.592539      -0.001045      -0.000024
       1.622568      -0.001053      -0.000025
       1.652597      -0.001061      -0.000026
       1.682626      -0.001069      -0.000027
       1.712655      -0.001077      -0.000028
       1.742684      -0.001085      -0.000029
       1.772713      -0.001094      -0.000029
       1.802742      -0.001103      -0.000030
       1.832771      -0.001113      -0.000032
       1.862800      -0.001122      -0.000033
       1.892829      -0.001132      -0.000034
       1.922858      -0.001143      -0.000035
       1.952887      -0.001154      -0.000036
       1.982916      -0.001165      -0.000037
       2.012945      -0.001176      -0.000039
       2.042974      -0.001188      -0.000040
       2.073003      -0.001200      -0.000041
       2.103032      -0.001213      -0.000043
       2.133061      -0.001226      -0.000045
       2.163090      -0.001240      -0.000046
       2.193119      -0.001254      -0.000048
       2.223148      -0.001269      -0.000050
       2.253177      -0.001284      -0.000052
       2.283206      -0.001300      -0.000054
       2.313235      -0.001316      -0.000056
       2.343264      -0.001333      -0.000058
       2.373293      -0.001351      -0.000060
       2.403322      -0.001369      -0.000063
       2.433351      -0.001389      -0.000065
       2.463380      -0.001409      -0.000068
       2.493409      -0.001429      -0.000071
       2.523438      -0.001451      -0.000074
       2.553467      -0.001474      -0.000077
       2.583496      -0.001497      -0.000081
       2.613526      -0.001522      -0.000084
       2.643555      -0.001547      -0.000088
       2.673584      -0.001574      -0.000092
       2.703613      -0.001602      -0.000097
       2.733642      -0.001632      -0.000102
       2.763671      -0.001663      -0.000107
       2.793700      -0.001696      -0.000113
       2.823729      -0.001730      -0.000119
       2.853758      -0.001766      -0.000125
       2.883787      -0.001804      -0.000132
       2.913816      -0.001844      -0.000140
       2.943845      -0.001887      -0.000149
       2.973874      -0.001932      -0.000158
       3.003903      -0.001980      -0.000168
       3.033932      -0.002031      -0.000179
       3.063961      -0.002085      -0.000192
       3.093990      -0.002144      -0.000206
       3.124019      -0.002206      -0.000222
       3.154048      -0.002273      -0.000239
       3.184077      -0.002344      -0.000259
       3.214106      -0.002422      -0.000282
       3.244135      -0.002506      -0.000309
       3.274164      -0.002598      -0.000339
       3.304193      -0.002698      -0.000376
       3.334222      -0.002808      -0.000419
       3.364251      -0.002928      -0.000471
       3.394280      -0.003059      -0.000535
       3.424309      -0.003203      -0.000613
       3.454338      -0.003360      -0.000711
       3.484367      -0.003532      -0.000832
       3.514396      -0.003720      -0.000989
       3.544425      -0.003916      -0.001200
       3.574454      -0.004097      -0.001478
       3.604483      -0.004216      -0.001823
       3.634513      -0.004237      -0.002165
       3.664542      -0.004238      -0.002433
       3.694571      -0.004315      -0.002691
       3.724600      -0.004451      -0.003051
       3.754629      -0.004549      -0.003569
       3.784658      -0.004524      -0.004228
       3.814687      -0.004262      -0.005024
       3.844716      -0.003562      -0.005757
       3.874745      -0.002616      -0.005979
       3.904774      -0.002022      -0.005844
       3.934803      -0.001614      -0.005931
       3.964832      -0.000908      -0.006031
       3.994861      -0.000101      -0.005699
       4.024890       0.000329      -0.005016
       4.054919       0.000332      -0.004478
       4.084948       0.000306      -0.004101
       4.114977       0.000052      -0.003679
       4.145006      -0.000579      -0.003603
       4.175035      -0.001205      -0.004349
       4.205064      -0.000756      -0.005748
       4.235093       0.001009      -0.006332
       4.265122       0.002724      -0.005238
       4.295151       0.002870      -0.003369
       4.325180       0.001836      -0.002614
       4.355209       0.001509      -0.003020
       4.385238       0.002308      -0.002783
       4.415267       0.002384      -0.001201
       4.445296       0.000855      -0.000110
       4.475325      -0.000781      -0.000476
       4.505354      -0.001642      -0.001398
       4.535383      -0.002091      -0.002311
       4.565412      -0.002317      -0.003350
       4.595441      -0.002117      -0.004545
       4.625470      -0.001320      -0.005572
       4.655499      -0.000242      -0.006019
       4.685529       0.000627      -0.006118
       4.715558       0.001519      -0.006216
       4.745587       0.002561      -0.005991
       4.775616       0.003446      -0.005509
       4.805645       0.004477      -0.004799
       4.835674       0.005270      -0.003153
       4.865703       0.004623      -0.001196
       4.895732       0.002978      -0.000360
       4.925761       0.001503      -0.000773
       4.955790       0.000864      -0.001918
       4.985819       0.001288      -0.003047
       5.015848       0.002432      -0.003439
       5.045877       0.003565      -0.002826
       5.075906       0.003956      -0.001535
       5.105935       0.003440      -0.000364
       5.135964       0.002477       0.000262
       5.165993       0.001412       0.000336
       5.196022       0.000485      -0.000108
       5.226051      -0.000012      -0.000961
       5.256080       0.000130      -0.001787
       5.286109       0.000555      -0.002151
       5.316138       0.000818      -0.002212
       5.346167       0.000914      -0.002281
       5.376196       0.000999      -0.002433
       5.406225       0.001150      -0.002645
       5.436254       0.001459      -0.002874
       5.466283       0.001979      -0.002951
       5.496312       0.002551      -0.002679
       5.526341       0.002889      -0.002090
       5.556370       0.002855      -0.001386
       5.586399       0.002405      -0.000782
       5.616428       0.001653      -0.000553
       5.646457       0.000894      -0.000771
       5.676486       0.000250      -0.001367
       5.706516      -0.000054      -0.002437
       5.736545       0.000461      -0.003661
       5.766574       0.001668      -0.004267
       5.796603       0.002776      -0.004072
       5.826632       0.003449      -0.003660
       5.856661       0.004051      -0.003265
       5.886690       0.004603      -0.002605
       5.916719       0.004811      -0.001744
       5.946748       0.004605      -0.000941
       5.976777       0.004107      -0.000486
       6.006806       0.003701      -0.000443
       6.036835       0.003589      -0.000520
       6.066864       0.003664      -0.000506
       6.096893       0.003837      -0.000341
       6.126922       0.003977       0.000049
       6.156951       0.003903       0.000598
       6.186980       0.003518       0.001153
       6.217009       0.002809       0.001443
       6.247038       0.002098       0.001245
       6.277067       0.001743       0.000758
       6.307096       0.001767       0.000322
       6.337125       0.001964       0.000144
       6.367154       0.002074       0.000172
       6.397183       0.002043       0.000191
       6.427212       0.002020       0.000098
       6.457241       0.002136       0.000001
       6.487270       0.002313       0.000044
       6.517299       0.002426       0.000188
       6.547328       0.002479       0.000372
       6.577357       0.002459       0.000595
       6.607386       0.002338       0.000816
       6.637415       0.002127       0.000988
       6.667444       0.001842       0.001061
       6.697473       0.001564       0.000993
       6.727503       0.001365       0.000828
       6.757532       0.001288       0.000620
       6.787561       0.001314       0.000487
       6.817590       0.001307       0.000422
       6.847619       0.001287       0.000313
       6.877648       0.001342       0.000204
       6.907677       0.001408       0.000179
       6.937706       0.001398       0.000150
       6.967735       0.001417       0.000036
       6.997764       0.001544      -0.000049
       7.027793       0.001670      -0.000031
       7.057822       0.001718       0.000002
       7.087851       0.001760      -0.000037
       7.117880       0.001900      -0.000095
       7.147909       0.002123      -0.000051
       7.177938       0.002313       0.000138
       7.207967       0.002373       0.000413
       7.237996       0.002273       0.000660
       7.268025       0.002085       0.000767
       7.298054       0.001950       0.000735
       7.328083       0.001928       0.000680
       7.358112       0.001949       0.000678
       7.388141       0.001961       0.000683
       7.418170       0.002019       0.000679
       7.448199       0.002123       0.000755
       7.478228       0.002160       0.000912
       7.508257       0.002116       0.001051
       7.538286       0.002051       0.001144
       7.568315       0.001995       0.001211
       7.598344       0.001949       0.001281
       7.628373       0.001890       0.001357
       7.658402       0.001821       0.001419
       7.688431       0.001760       0.001486
       7.718460       0.001662       0.001586
       7.748489       0.001470       0.001647
       7.778519       0.001249       0.001580
       7.808548       0.001094       0.001398
       7.838577       0.001058       0.001144
       7.868606       0.001175       0.000886
       7.898635       0.001444       0.000708
       7.928664       0.001803       0.000684
       7.958693       0.002185       0.000833
       7.988722       0.002507       0.001190
       8.018751       0.002637       0.001693
       8.048780       0.002554       0.002211
       8.078809       0.002278       0.002682
       8.108838       0.001818       0.003010
       8.138867       0.001260       0.003096
       8.168896       0.000788       0.002879
       8.198925       0.000628       0.002567
       8.228954       0.000565       0.002420
       8.258983       0.000463       0.002193
       8.289012       0.000632       0.001909
       8.319041       0.000989       0.001906
       8.349070       0.001286       0.002203
       8.379099       0.001337       0.002763
       8.409128       0.000910       0.003330
       8.439157       0.000167       0.003462
       8.469186      -0.000413       0.003111
       8.499215      -0.000585       0.002622
       8.529244      -0.000459       0.002286
       8.559273      -0.000204       0.002241
       8.589302      -0.000124       0.002538
       8.619331      -0.000506       0.002857
       8.649360      -0.001171       0.002706
       8.679389      -0.001525       0.002039
       8.709418      -0.001290       0.001372
       8.739447      -0.000752       0.001160
       8.769476      -0.000410       0.001354
       8.799506      -0.000359       0.001590
       8.829535      -0.000471       0.001721
       8.859564      -0.000594       0.001659
       8.889593      -0.000502       0.001557
       8.919622      -0.000363       0.001698
       8.949651      -0.000417       0.001919
       8.979680      -0.000585       0.002130
       9.009709      -0.000986       0.002273
       9.039738      -0.001455       0.002033
       9.069767      -0.001604       0.001598
       9.099796      -0.001556       0.001260
       9.129825      -0.001398       0.000973
       9.159854      -0.001114       0.000830
       9.189883      -0.000832       0.000886
       9.219912      -0.000667       0.001127
       9.249941      -0.000797       0.001437
       9.279970      -0.001210       0.001451
       9.309999      -0.001418       0.000972
       9.340028      -0.000945       0.000508
       9.370057      -0.000197       0.000811
       9.400086      -0.000081       0.001694
       9.430115      -0.000677       0.002310
       9.460144      -0.001403       0.002382
       9.490173      -0.001964       0.002179
       9.520202      -0.002440       0.001822
       9.550231      -0.002721       0.001236
       9.580260      -0.002618       0.000649
       9.610289      -0.002334       0.000370
       9.640318      -0.002191       0.000265
       9.670347      -0.002094       0.000095
       9.700376      -0.001894      -0.000033
       9.730405      -0.001709      -0.000011
       9.760434      -0.001639       0.000081
       9.790463      -0.001681       0.000174
       9.820492      -0.001863       0.000215
       9.850522      -0.002156       0.000042
       9.880551      -0.002294      -0.000449
       9.910580      -0.001977      -0.000984
       9.940609      -0.001372      -0.001088
       9.970638      -0.001032      -0.000762
      10.000667      -0.001074      -0.000531
      10.030696      -0.001064      -0.000482
      10.060725      -0.001076      -0.000275
      10.090754      -0.001419      -0.000153
      10.120783      -0.001780      -0.000480
      10.150812      -0.001720      -0.000998
      10.180841      -0.001352      -0.001259
      10.210870      -0.001044      -0.001208
      10.240899      -0.000991      -0.001081
      10.270928      -0.001078      -0.001170
      10.300957      -0.000954      -0.001440
      10.330986      -0.000619      -0.001528
      10.361015      -0.000386      -0.001412
      10.391044      -0.000303      -0.001307
      10.421073      -0.000275      -0.001292
      10.451102      -0.000195      -0.001400
      10.481131       0.000099      -0.001498
      10.511160       0.000468      -0.001329
      10.541189       0.000629      -0.000985
      10.571218       0.000583      -0.000702
      10.601247       0.000478      -0.000553
      10.631276       0.000396      -0.000485
      10.661305       0.000335      -0.000455
      10.691334       0.000315      -0.000474
      10.721363       0.000388      -0.000467
      10.751392       0.000444      -0.000341
      10.781421       0.000362      -0.000216
      10.811450       0.000246      -0.000225
      10.841479       0.000214      -0.000313
      10.871509       0.000287      -0.000416
      10.901538       0.000485      -0.000441
      10.931567       0.000705      -0.000288
      10.961596       0.000796       0.000022
      10.991625       0.000657       0.000332
      11.021654       0.000394       0.000462
      11.051683       0.000184       0.000440
      11.081712       0.000053       0.000376
      11.111741      -0.000034       0.000293
      11.141770      -0.000064       0.000193
      11.171799      -0.000027       0.000118
      11.201828       0.000044       0.000109
      11.231857       0.000096       0.000169
      11.261886       0.000085       0.000273
      11.291915      -0.000023       0.000354
      11.321944      -0.000158       0.000311
      11.351973      -0.000167       0.000187
      11.382002      -0.000030       0.000188
      11.412031      -0.000002       0.000410
      11.442060      -0.000249       0.000590
      11.472089      -0.000577       0.000524
      11.502118      -0.000791       0.000266
      11.532147      -0.000802      -0.000050
      11.562176      -0.000658      -0.000251
      11.592205      -0.000522      -0.000318
      11.622234      -0.000449      -0.000353
      11.652263      -0.000397      -0.000416
      11.682292      -0.000305      -0.000500
      11.712321      -0.000161      -0.000552
      11.742350       0.000009      -0.000529
      11.772379       0.000140      -0.000416
      11.802408       0.000156      -0.000266
      11.832437       0.000065      -0.000209
      11.862466       0.000028      -0.000301
      11.892495       0.000161      -0.000390
      11.922525       0.000355      -0.000319
      11.952554       0.000449      -0.000130
      11.982583       0.000422       0.000047
      12.012612       0.000353       0.000172
      12.042641       0.000250       0.000279
      12.072670       0.000091       0.000307
      12.102699      -0.000004       0.000241
      12.132728      -0.000031       0.000198
      12.162757      -0.000069       0.000169
      12.192786      -0.000083       0.000115
      12.222815      -0.000074       0.000092
      12.252844      -0.000098       0.000055
      12.282873      -0.000062      -0.000043
      12.312902       0.000083      -0.000070
      12.342931       0.000201       0.000038
      12.372960       0.000206       0.000191
      12.402989       0.000122       0.000284
      12.433018       0.000052       0.000297
      12.463047       0.000037       0.000314
      12.493076       0.000006       0.000375
      12.523105      -0.000070       0.000430
      12.553134      -0.000179       0.000455
      12.583163      -0.000294       0.000424
      12.613192      -0.000380       0.000358
      12.643221      -0.000437       0.000265
      12.673250      -0.000431       0.000178
      12.703279      -0.000425       0.000151
      12.733308      -0.000469       0.000108
      12.763337      -0.000485       0.000015
      12.793366      -0.000464      -0.000051
      12.823395      -0.000492      -0.000119
      12.853424      -0.000504      -0.000308
      12.883453      -0.000310      -0.000564
      12.913482       0.000112      -0.000620
      12.943512       0.000477      -0.000320
      12.973541       0.000516       0.000116
      13.003570       0.000317       0.000397
      13.033599       0.000103       0.000493
      13.063628      -0.000051       0.000538
      13.093657      -0.000243       0.000581
      13.123686      -0.000485       0.000492
      13.153715      -0.000591       0.000250
      13.183744      -0.000479       0.000073
      13.213773      -0.000356       0.000102
      13.243802      -0.000388       0.000192
      13.273831      -0.000507       0.000177
      13.303860      -0.000562       0.000067
      13.333889      -0.000544      -0.000010
      13.363918      -0.000552      -0.000063
      13.393947      -0.000531      -0.000162
      13.423976      -0.000443      -0.000213
      13.454005      -0.000388      -0.000191
      13.484034      -0.000398      -0.000169
      13.514063      -0.000448      -0.000210
      13.544092      -0.000441      -0.000335
      13.574121      -0.000325      -0.000446
      13.604150      -0.000139      -0.000468
      13.634179       0.000023      -0.000351
      13.664208       0.000040      -0.000187
      13.694237      -0.000014      -0.000133
      13.724266       0.000032      -0.000128
      13.754295       0.000121       0.000025
      13.784324       0.000014       0.000274
      13.814353      -0.000280       0.000369
      13.844382      -0.000559       0.000242
      13.874411      -0.000710      -0.000019
      13.904440      -0.000683      -0.000330
      13.934469      -0.000474      -0.000564
      13.964498      -0.000183      -0.000632
      13.994528       0.000088      -0.000544
      14.024557       0.000287      -0.000336
      14.054586       0.000359      -0.000025
      14.084615       0.000217       0.000298
      14.114644      -0.000097       0.000458
      14.144673      -0.000417       0.000416
      14.174702      -0.000675       0.000230
      14.204731      -0.000798      -0.000097
      14.234760      -0.000671      -0.000421
      14.264789      -0.000426      -0.000556
      14.294818      -0.000212      -0.000569
      14.324847      -0.000013      -0.000503
      14.354876       0.000121      -0.000338
      14.384905       0.000137      -0.000149
      14.414934       0.000065      -0.000001
      14.444963      -0.000055       0.000082
      14.474992      -0.000181       0.000091
      14.505021      -0.000280       0.000051
      14.535050      -0.000344      -0.000025
      14.565079      -0.000347      -0.000119
      14.595108      -0.000282      -0.000165
      14.625137      -0.000235      -0.000111
      14.655166      -0.000302      -0.000049
      14.685195      -0.000398      -0.000091
      14.715224      -0.000425      -0.000174
      14.745253      -0.000418      -0.000227
      14.775282      -0.000426      -0.000265
      14.805311      -0.000440      -0.000332
      14.835340      -0.000412      -0.000414
      14.865369      -0.000363      -0.000462
      14.895398      -0.000335      -0.000504
      14.925427      -0.000295      -0.000578
      14.955456      -0.000199      -0.000651
      14.985485      -0.000076      -0.000681
      15.015515       0.000069      -0.000681
      15.045544       0.000236      -0.000606
      15.075573       0.000352      -0.000439
      15.105602       0.000360      -0.000237
      15.135631       0.000266      -0.000081
      15.165660       0.000138      -0.000016
      15.195689       0.000037      -0.000013
      15.225718      -0.000031      -0.000037
      15.255747      -0.000059      -0.000062
      15.285776      -0.000077      -0.000047
      15.315805      -0.000143      -0.000019
      15.345834      -0.000244      -0.000040
      15.375863      -0.000324      -0.000118
      15.405892      -0.000367      -0.000207
      15.435921      -0.000411      -0.000311
      15.465950      -0.000424      -0.000479
      15.495979      -0.000320      -0.000680
      15.526008      -0.000087      -0.000787
      15.556037       0.000143      -0.000733
      15.586066       0.000273      -0.000605
      15.616095       0.000329      -0.000484
      15.646124       0.000350      -0.000383
      15.676153       0.000355      -0.000299
      15.706182       0.000352      -0.000223
      15.736211       0.000339      -0.000153
      15.766240       0.000325      -0.000084
      15.796269       0.000294       0.000007
      15.826298       0.000204       0.000096
      15.856327       0.000070       0.000123
      15.886356      -0.000053       0.000074
      15.916385      -0.000124      -0.000026
      15.946414      -0.000125      -0.000139
      15.976443      -0.000053      -0.000218
      16.006472       0.000047      -0.000207
      16.036502       0.000079      -0.000117
      16.066531       0.000013      -0.000048
      16.096560      -0.000076      -0.000055
      16.126589      -0.000154      -0.000098
      16.156618      -0.000238      -0.000206
      16.186647      -0.000228      -0.000405
      16.216676      -0.000058      -0.000564
      16.246705       0.000167      -0.000573
      16.276734       0.000331      -0.000471
      16.306763       0.000422      -0.000344
      16.336792       0.000474      -0.000200
      16.366821       0.000457      -0.000037
      16.396850       0.000363       0.000082
      16.426879       0.000261       0.000125
      16.456908       0.000184       0.000156
      16.486937       0.000066       0.000180
      16.516966      -0.000082       0.000108
      16.546995      -0.000144      -0.000076
      16.577024      -0.000036      -0.000264
      16.607053       0.000195      -0.000298
      16.637082       0.000344      -0.000140
      16.667111       0.000317       0.000007
      16.697140       0.000283       0.000040
      16.727169       0.000332       0.000091
      16.757198       0.000351       0.000260
      16.787227       0.000198       0.000452
      16.817256      -0.000084       0.000472
      16.847285      -0.000278       0.000280
      16.877314      -0.000261       0.000059
      16.907343      -0.000145      -0.000042
      16.937372      -0.000033      -0.000063
      16.967401       0.000087      -0.000019
      16.997430       0.000148       0.000121
      17.027459       0.000090       0.000258
      17.057488      -0.000009       0.000329
      17.087518      -0.000120       0.000369
      17.117547      -0.000253       0.000363
      17.147576      -0.000362       0.000302
      17.177605      -0.000442       0.000232
      17.207634      -0.000529       0.000138
      17.237663      -0.000581      -0.000020
      17.267692      -0.000531      -0.000195
      17.297721      -0.000409      -0.000304
      17.327750      -0.000271      -0.000350
      17.357779      -0.000110      -0.000333
      17.387808       0.000021      -0.000198
      17.417837       0.000010      -0.000010
      17.447866      -0.000108       0.000100
      17.477895      -0.000246       0.000134
      17.507924      -0.000399       0.000094
      17.537953      -0.000512      -0.000039
      17.567982      -0.000526      -0.000215
      17.598011      -0.000430      -0.000364
      17.628040      -0.000276      -0.000387
      17.658069      -0.000220      -0.000312
      17.688098      -0.000256      -0.000297
      17.718127      -0.000259      -0.000354
      17.748156      -0.000202      -0.000404
      17.778185      -0.000128      -0.000407
      17.808214      -0.000079      -0.000380
      17.838243      -0.000045      -0.000362
      17.868272       0.000006      -0.000334
      17.898301       0.000043      -0.000258
      17.928330       0.000013      -0.000169
      17.958359      -0.000070      -0.000133
      17.988388      -0.000136      -0.000164
      18.018417      -0.000151      -0.000208
      18.048446      -0.000149      -0.000231
      18.078475      -0.000149      -0.000242
      18.108505      -0.000162      -0.000242
      18.138534      -0.000208      -0.000263
      18.168563      -0.000246      -0.000340
      18.198592      -0.000229      -0.000452
      18.228621      -0.000136      -0.000556
      18.258650       0.000014      -0.000587
      18.288679       0.000144      -0.000530
      18.318708       0.000207      -0.000443
      18.348737       0.000241      -0.000377
      18.378766       0.000282      -0.000302
      18.408795       0.000292      -0.000198
      18.438824       0.000251      -0.000094
      18.468853       0.000159      -0.000024
      18.498882       0.000052      -0.000027
      18.528911      -0.000006      -0.000084
      18.558940      -0.000005      -0.000134
      18.588969       0.000018      -0.000145
      18.618998       0.000022      -0.000122
      18.649027      -0.000012      -0.000105
      18.679056      -0.000058      -0.000120
      18.709085      -0.000093      -0.000162
      18.739114      -0.000111      -0.000226
      18.769143      -0.000094      -0.000321
      18.799172       0.000001      -0.000410
      18.829201       0.000152      -0.000429
      18.859230       0.000309      -0.000363
      18.889259       0.000428      -0.000202
      18.919288       0.000430       0.000019
      18.949317       0.000307       0.000187
      18.979346       0.000152       0.000247
      19.009375       0.000039       0.000249
      19.039404      -0.000048       0.000254
      19.069433      -0.000157       0.000259
      19.099462      -0.000291       0.000215
      19.129491      -0.000398       0.000100
      19.159521      -0.000429      -0.000057
      19.189550      -0.000365      -0.000195
      19.219579      -0.000248      -0.000250
      19.249608      -0.000147      -0.000223
      19.279637      -0.000095      -0.000149
      19.309666      -0.000099      -0.000060
      19.339695      -0.000152       0.000013
      19.369724      -0.000231       0.000069
      19.399753      -0.000358       0.000110
      19.429782      -0.000542       0.000072
      19.459811      -0.000698      -0.000099
      19.489840      -0.000696      -0.000349
      19.519869      -0.000525      -0.000476
      19.549898      -0.000412      -0.000401
      19.579927      -0.000483      -0.000320
      19.609956      -0.000614      -0.000369
      19.639985      -0.000697      -0.000502
      19.670014      -0.000730      -0.000666
      19.700043      -0.000709      -0.000854
      19.730072      -0.000623      -0.001035
      19.760101      -0.000495      -0.001196
      19.790130      -0.000308      -0.001341
      19.820159      -0.000051      -0.001411
      19.850188       0.000205      -0.001367
      19.880217       0.000393      -0.001248
      19.910246       0.000514      -0.001118
      19.940275       0.000604      -0.000986
      19.970304       0.000654      -0.000837
      20.000333       0.000646      -0.000701
      20.030362       0.000600      -0.000598
      20.060391       0.000528      -0.000550
      20.090420       0.000484      -0.000574
      20.120449       0.000528      -0.000604
      20.150478       0.000610      -0.000540
      20.180508       0.000592      -0.000407
      20.210537       0.000470      -0.000348
      20.240566       0.000354      -0.000415
      20.270595       0.000339      -0.000560
      20.300624       0.000450      -0.000683
      20.330653       0.000631      -0.000705
      20.360682       0.000798      -0.000620
      20.390711       0.000903      -0.000457
      20.420740       0.000902      -0.000260
      20.450769       0.000789      -0.000113
      20.480798       0.000631      -0.000094
      20.510827       0.000548      -0.000193
      20.540856       0.000596      -0.000308
      20.570885       0.000753      -0.000341
      20.600914       0.000916      -0.000214
      20.630943       0.000937       0.000006
      20.660972       0.000826       0.000160
      20.691001       0.000700       0.000205
      20.721030       0.000629       0.000194
      20.751059       0.000615       0.000203
      20.781088       0.000590       0.000259
      20.811117       0.000518       0.000312
      20.841146       0.000431       0.000326
      20.871175       0.000363       0.000313
      20.901204       0.000310       0.000305
      20.931233       0.000242       0.000294
      20.961262       0.000171       0.000247
      20.991291       0.000138       0.000176
      21.021320       0.000138       0.000120
      21.051349       0.000137       0.000076
      21.081378       0.000151       0.000016
      21.111407       0.000209      -0.000029
      21.141436       0.000287      -0.000024
      21.171465       0.000341       0.000038
      21.201494       0.000333       0.000120
      21.231524       0.000278       0.000165
      21.261553       0.000224       0.000169
      21.291582       0.000184       0.000153
      21.321611       0.000162       0.000129
      21.351640       0.000152       0.000107
      21.381669       0.000154       0.000090
      21.411698       0.000161       0.000088
      21.441727       0.000154       0.000096
      21.471756       0.000133       0.000096
      21.501785       0.000113       0.000078
      21.531814       0.000109       0.000052
      21.561843       0.000120       0.000034
      21.591872       0.000132       0.000029
      21.621901       0.000137       0.000030
      21.651930       0.000136       0.000028
      21.681959       0.000140       0.000019
      21.711988       0.000156       0.000017
      21.742017       0.000173       0.000036
      21.772046       0.000162       0.000070
      21.802075       0.000121       0.000083
      21.832104       0.000083       0.000058
      21.862133       0.000075       0.000015
      21.892162       0.000098      -0.000019
      21.922191       0.000136      -0.000023
      21.952220       0.000156       0.000001
      21.982249       0.000149       0.000024
      22.012278       0.000132       0.000030
      22.042307       0.000120       0.000022
      22.072336       0.000117       0.000009
      22.102365       0.000127       0.000001
      22.132394       0.000139       0.000005
      22.162423       0.000141       0.000018
      22.192452       0.000133       0.000029
      22.222481       0.000117       0.000035
      22.252511       0.000096       0.000032
      22.282540       0.000075       0.000012
      22.312569       0.000067      -0.000022
      22.342598       0.000081      -0.000061
      22.372627       0.000120      -0.000090
      22.402656       0.000177      -0.000089
      22.432685       0.000221      -0.000050
      22.462714       0.000226       0.000005
      22.492743       0.000198       0.000041
      22.522772       0.000167       0.000045
      22.552801       0.000155       0.000033
      22.582830       0.000159       0.000030
      22.612859       0.000161       0.000039
      22.642888       0.000150       0.000050
      22.672917       0.000135       0.000050
      22.702946       0.000127       0.000041
      22.732975       0.000126       0.000037
      22.763004       0.000124       0.000034
      22.793033       0.000121       0.000028
      22.823062       0.000126       0.000022
      22.853091       0.000134       0.000022
      22.883120       0.000138       0.000028
      22.913149       0.000139       0.000034
      22.943178       0.000138       0.000040
      22.973207       0.000136       0.000048
      23.003236       0.000128       0.000056
      23.033265       0.000115       0.000059
      23.063294       0.000100       0.000055
      23.093323       0.000089       0.000043
      23.123352       0.000088       0.000025
      23.153381       0.000101       0.000011
      23.183410       0.000116       0.000011
      23.213439       0.000125       0.000019
      23.243468       0.000129       0.000027
      23.273497       0.000128       0.000035
      23.303527       0.000124       0.000041
      23.333556       0.000120       0.000044
      23.363585       0.000116       0.000045
      23.393614       0.000112       0.000043
      23.423643       0.000113       0.000041
      23.453672       0.000115       0.000042
      23.483701       0.000117       0.000045
      23.513730       0.000117       0.000051
      23.543759       0.000114       0.000058
      23.573788       0.000107       0.000062
      23.603817       0.000101       0.000061
      23.633846       0.000100       0.000059
      23.663875       0.000100       0.000062
      23.693904       0.000096       0.000069
      23.723933       0.000086       0.000074
      23.753962       0.000072       0.000073
      23.783991       0.000061       0.000064
      23.814020       0.000057       0.000052
      23.844049       0.000059       0.000042
      23.874078       0.000064       0.000037
      23.904107       0.000067       0.000036
      23.934136       0.000068       0.000035
      23.964165       0.000066       0.000032
      23.994194       0.000068       0.000027
      24.024223       0.000074       0.000022
      24.054252       0.000083       0.000022
      24.084281       0.000089       0.000028
      24.114310       0.000089       0.000035
      24.144339       0.000087       0.000039
      24.174368       0.000086       0.000040
      24.204397       0.000087       0.000043
      24.234426       0.000088       0.000049
      24.264455       0.000084       0.000056
      24.294484       0.000075       0.000061
      24.324514       0.000065       0.000061
      24.354543       0.000057       0.000055
      24.384572       0.000055       0.000047
      24.414601       0.000057       0.000042
      24.444630       0.000061       0.000041
      24.474659       0.000061       0.000044
      24.504688       0.000058       0.000045
      24.534717       0.000056       0.000043
      24.564746       0.000055       0.000040
      24.594775       0.000056       0.000038
      24.624804       0.000058       0.000039
      24.654833       0.000058       0.000041
      24.684862       0.000057       0.000043
      24.714891       0.000053       0.000045
      24.744920       0.000048       0.000044
      24.774949       0.000045       0.000041
      24.804978       0.000043       0.000037
      24.835007       0.000044       0.000033
      24.865036       0.000046       0.000031
      24.895065       0.000049       0.000030
      24.925094       0.000052       0.000031
      24.955123       0.000054       0.000035
      24.985152       0.000053       0.000039
      25.015181       0.000049       0.000044
      25.045210       0.000042       0.000045
      25.075239       0.000035       0.000043
      25.105268       0.000031       0.000037
      25.135297       0.000031       0.000031
      25.165326       0.000033       0.000027
      25.195355       0.000035       0.000026
      25.225384       0.000036       0.000027
      25.255413       0.000034       0.000029
      25.285442       0.000030       0.000027
      25.315471       0.000028       0.000024
      25.345501       0.000028       0.000020
      25.375530       0.000029       0.000016
      25.405559       0.000031       0.000014
      25.435588       0.000033       0.000012
      25.465617       0.000035       0.000011
      25.495646       0.000037       0.000010
      25.525675       0.000039       0.000010
      25.555704       0.000041       0.000011
      25.585733       0.000042       0.000012
      25.615762       0.000043       0.000014
      25.645791       0.000043       0.000016
      25.675820       0.000042       0.000017
      25.705849       0.000040       0.000018
      25.735878       0.000038       0.000018
      25.765907       0.000036       0.000017
      25.795936       0.000036       0.000015
      25.825965       0.000037       0.000014
      25.855994       0.000037       0.000014
      25.886023       0.000036       0.000014
      25.916052       0.000035       0.000013
      25.946081       0.000035       0.000012
      25.976110       0.000035       0.000012
      26.006139       0.000035       0.000011
      26.036168       0.000035       0.000010
      26.066197       0.000035       0.000010
      26.096226       0.000036       0.000009
      26.126255       0.000035       0.000009
      26.156284       0.000035       0.000009
      26.186313       0.000035       0.000007
      26.216342       0.000036       0.000007
      26.246371       0.000036       0.000007
      26.276400       0.000036       0.000007
      26.306429       0.000035       0.000007
      26.336458       0.000035       0.000006
      26.366487       0.000035       0.000004
      26.396517       0.000036       0.000003
      26.426546       0.000037       0.000003
      26.456575       0.000038       0.000004
      26.486604       0.000038       0.000004
      26.516633       0.000038       0.000003
      26.546662       0.000038       0.000003
      26.576691       0.000039       0.000003
      26.606720       0.000040       0.000003
      26.636749       0.000040       0.000004
      26.666778       0.000039       0.000004
      26.696807       0.000039       0.000004
      26.726836       0.000039       0.000003
      26.756865       0.000039       0.000003
      26.786894       0.000040       0.000003
      26.816923       0.000040       0.000003
      26.846952       0.000040       0.000004
      26.876981       0.000040       0.000004
      26.907010       0.000039       0.000004
      26.937039       0.000039       0.000004
      26.967068       0.000039       0.000004
      26.997097       0.000039       0.000003
      27.027126       0.000039       0.000003
      27.057155       0.000038       0.000003
      27.087184       0.000038       0.000002
      27.117213       0.000038       0.000002
      27.147242       0.000039       0.000001
      27.177271       0.000040       0.000001
      27.207300       0.000040       0.000001
      27.237329       0.000040       0.000001
      27.267358       0.000040       0.000001
      27.297387       0.000040       0.000001
      27.327416       0.000040       0.000000
      27.357445       0.000040       0.000000
      27.387474       0.000041      -0.000000
      27.417504       0.000041       0.000000
      27.447533       0.000042       0.000001
      27.477562       0.000042       0.000001
      27.507591       0.000041       0.000002
      27.537620       0.000041       0.000001
      27.567649       0.000041       0.000001
      27.597678       0.000041       0.000002
      27.627707       0.000040       0.000001
      27.657736       0.000040       0.000000
      27.687765       0.000041      -0.000000
      27.717794       0.000041      -0.000000
      27.747823       0.000042      -0.000001
      27.777852       0.000043      -0.000001
      27.807881       0.000043      -0.000000
      27.837910       0.000043       0.000000
      27.867939       0.000044       0.000001
      27.897968       0.000043       0.000001
      27.927997       0.000043       0.000001
      27.958026       0.000043       0.000001
      27.988055       0.000043       0.000001
      28.018084       0.000044       0.000001
      28.048113       0.000044       0.000002
      28.078142       0.000044       0.000002
      28.108171       0.000044       0.000003
      28.138200       0.000043       0.000003
      28.168229       0.000043       0.000002
      28.198258       0.000043       0.000002
      28.228287       0.000043       0.000003
      28.258316       0.000043       0.000003
      28.288345       0.000043       0.000003
      28.318374       0.000042       0.000003
      28.348403       0.000042       0.000003
      28.378432       0.000042       0.000002
      28.408461       0.000043       0.000002
      28.438490       0.000043       0.000002
      28.468520       0.000043       0.000002
      28.498549       0.000043       0.000002
      28.528578       0.000043       0.000003
      28.558607       0.000043       0.000003
      28.588636       0.000043       0.000003
      28.618665       0.000043       0.000003
      28.648694       0.000044       0.000003
      28.678723       0.000044       0.000003
      28.708752       0.000044       0.000004
      28.738781       0.000044       0.000004
      28.768810       0.000043       0.000005
      28.798839       0.000042       0.000004
      28.828868       0.000041       0.000003
      28.858897       0.000042       0.000002
      28.888926       0.000042       0.000002
      28.918955       0.000043       0.000001
      28.948984       0.000045       0.000001
      28.979013       0.000046       0.000002
      29.009042       0.000047       0.000004
      29.039071       0.000048       0.000006
      29.069100       0.000047       0.000009
      29.099129       0.000045       0.000011
      29.129158       0.000042       0.000011
      29.159187       0.000039       0.000010
      29.189216       0.000037       0.000009
      29.219245       0.000037       0.000007
      29.249274       0.000037       0.000005
      29.279303       0.000038       0.000004
      29.309332       0.000038       0.000004
      29.339361       0.000039       0.000003
      29.369390       0.000039       0.000003
      29.399419       0.000039       0.000003
      29.429448       0.000039       0.000003
      29.459477       0.000039       0.000003
      29.489507       0.000039       0.000003
      29.519536       0.000038       0.000003
      29.549565       0.000038       0.000002
      29.579594       0.000038       0.000001
      29.609623       0.000039       0.000000
      29.639652       0.000040      -0.000000
      29.669681       0.000040      -0.000000
      29.699710       0.000041       0.000000
      29.729739       0.000042       0.000000
      29.759768       0.000042       0.000001
      29.789797       0.000042       0.000002
      29.819826       0.000041       0.000002
      29.849855       0.000041       0.000001
      29.879884       0.000041       0.000001
      29.909913       0.000041       0.000000
      29.939942       0.000042       0.000000
      29.969971       0.000042       0.000000
      30.000000       0.000042       0.000000
