  # energy grid [eV]     epsr     epsi
       0.001000       0.000880       0.000001
       0.031029       0.000880       0.000001
       0.061058       0.000880       0.000002
       0.091087       0.000880       0.000002
       0.121116       0.000881       0.000002
       0.151145       0.000881       0.000003
       0.181174       0.000882       0.000003
       0.211203       0.000882       0.000003
       0.241232       0.000883       0.000004
       0.271261       0.000884       0.000004
       0.301290       0.000885       0.000004
       0.331319       0.000886       0.000005
       0.361348       0.000887       0.000005
       0.391377       0.000888       0.000005
       0.421406       0.000890       0.000006
       0.451435       0.000891       0.000006
       0.481464       0.000893       0.000006
       0.511493       0.000895       0.000007
       0.541523       0.000896       0.000007
       0.571552       0.000898       0.000008
       0.601581       0.000900       0.000008
       0.631610       0.000903       0.000008
       0.661639       0.000905       0.000009
       0.691668       0.000907       0.000009
       0.721697       0.000910       0.000010
       0.751726       0.000912       0.000010
       0.781755       0.000915       0.000010
       0.811784       0.000918       0.000011
       0.841813       0.000921       0.000011
       0.871842       0.000924       0.000012
       0.901871       0.000927       0.000012
       0.931900       0.000931       0.000013
       0.961929       0.000934       0.000013
       0.991958       0.000938       0.000013
       1.021987       0.000942       0.000014
       1.052016       0.000946       0.000014
       1.082045       0.000950       0.000015
       1.112074       0.000954       0.000015
       1.142103       0.000959       0.000016
       1.172132       0.000963       0.000016
       1.202161       0.000968       0.000017
       1.232190       0.000973       0.000018
       1.262219       0.000978       0.000018
       1.292248       0.000983       0.000019
       1.322277       0.000988       0.000019
       1.352306       0.000994       0.000020
       1.382335       0.001000       0.000021
       1.412364       0.001006       0.000021
       1.442393       0.001012       0.000022
       1.472422       0.001018       0.000023
       1.502451       0.001025       0.000023
       1.532480       0.001032       0.000024
       1.562510       0.001039       0.000025
       1.592539       0.001046       0.000026
       1.622568       0.001053       0.000026
       1.652597       0.001061       0.000027
       1.682626       0.001069       0.000028
       1.712655       0.001077       0.000029
       1.742684       0.001086       0.000030
       1.772713       0.001095       0.000031
       1.802742       0.001104       0.000032
       1.832771       0.001113       0.000033
       1.862800       0.001123       0.000034
       1.892829       0.001133       0.000035
       1.922858       0.001143       0.000036
       1.952887       0.001154       0.000038
       1.982916       0.001165       0.000039
       2.012945       0.001177       0.000040
       2.042974       0.001189       0.000042
       2.073003       0.001201       0.000043
       2.103032       0.001214       0.000044
       2.133061       0.001227       0.000046
       2.163090       0.001241       0.000048
       2.193119       0.001255       0.000049
       2.223148       0.001270       0.000051
       2.253177       0.001285       0.000053
       2.283206       0.001301       0.000055
       2.313235       0.001317       0.000057
       2.343264       0.001334       0.000059
       2.373293       0.001352       0.000062
       2.403322       0.001370       0.000064
       2.433351       0.001389       0.000067
       2.463380       0.001409       0.000069
       2.493409       0.001430       0.000072
       2.523438       0.001452       0.000075
       2.553467       0.001474       0.000079
       2.583496       0.001498       0.000082
       2.613526       0.001522       0.000086
       2.643555       0.001548       0.000090
       2.673584       0.001575       0.000094
       2.703613       0.001603       0.000098
       2.733642       0.001633       0.000103
       2.763671       0.001664       0.000108
       2.793700       0.001696       0.000114
       2.823729       0.001731       0.000120
       2.853758       0.001767       0.000127
       2.883787       0.001805       0.000134
       2.913816       0.001845       0.000141
       2.943845       0.001888       0.000150
       2.973874       0.001933       0.000159
       3.003903       0.001981       0.000170
       3.033932       0.002032       0.000181
       3.063961       0.002086       0.000193
       3.093990       0.002144       0.000207
       3.124019       0.002206       0.000223
       3.154048       0.002273       0.000241
       3.184077       0.002345       0.000261
       3.214106       0.002423       0.000284
       3.244135       0.002507       0.000310
       3.274164       0.002598       0.000341
       3.304193       0.002698       0.000377
       3.334222       0.002807       0.000420
       3.364251       0.002927       0.000472
       3.394280       0.003059       0.000535
       3.424309       0.003203       0.000614
       3.454338       0.003359       0.000711
       3.484367       0.003531       0.000832
       3.514396       0.003720       0.000989
       3.544425       0.003915       0.001199
       3.574454       0.004096       0.001476
       3.604483       0.004215       0.001820
       3.634513       0.004237       0.002161
       3.664542       0.004239       0.002428
       3.694571       0.004316       0.002685
       3.724600       0.004455       0.003044
       3.754629       0.004556       0.003561
       3.784658       0.004535       0.004220
       3.814687       0.004278       0.005018
       3.844716       0.003583       0.005759
       3.874745       0.002632       0.005991
       3.904774       0.002029       0.005854
       3.934803       0.001621       0.005933
       3.964832       0.000925       0.006035
       3.994861       0.000118       0.005716
       4.024890      -0.000323       0.005038
       4.054919      -0.000331       0.004495
       4.084948      -0.000303       0.004120
       4.114977      -0.000058       0.003703
       4.145006       0.000560       0.003622
       4.175035       0.001181       0.004348
       4.205064       0.000749       0.005732
       4.235093      -0.000997       0.006327
       4.265122      -0.002720       0.005250
       4.295151      -0.002880       0.003368
       4.325180      -0.001823       0.002596
       4.355209      -0.001464       0.003030
       4.385238      -0.002283       0.002845
       4.415267      -0.002420       0.001265
       4.445296      -0.000917       0.000126
       4.475325       0.000737       0.000459
       4.505354       0.001619       0.001375
       4.535383       0.002080       0.002291
       4.565412       0.002312       0.003332
       4.595441       0.002116       0.004529
       4.625470       0.001321       0.005558
       4.655499       0.000245       0.006002
       4.685529      -0.000614       0.006097
       4.715558      -0.001490       0.006204
       4.745587      -0.002531       0.005998
       4.775616      -0.003420       0.005526
       4.805645      -0.004455       0.004835
       4.835674      -0.005282       0.003206
       4.865703      -0.004672       0.001220
       4.895732      -0.003018       0.000343
       4.925761      -0.001516       0.000744
       4.955790      -0.000856       0.001896
       4.985819      -0.001269       0.003039
       5.015848      -0.002414       0.003449
       5.045877      -0.003560       0.002846
       5.075906      -0.003966       0.001554
       5.105935      -0.003459       0.000373
       5.135964      -0.002496      -0.000264
       5.165993      -0.001427      -0.000348
       5.196022      -0.000490       0.000091
       5.226051       0.000018       0.000947
       5.256080      -0.000120       0.001783
       5.286109      -0.000549       0.002153
       5.316138      -0.000818       0.002215
       5.346167      -0.000917       0.002281
       5.376196      -0.001001       0.002429
       5.406225      -0.001150       0.002641
       5.436254      -0.001458       0.002869
       5.466283      -0.001976       0.002945
       5.496312      -0.002544       0.002674
       5.526341      -0.002880       0.002090
       5.556370      -0.002848       0.001391
       5.586399      -0.002403       0.000788
       5.616428      -0.001654       0.000556
       5.646457      -0.000895       0.000772
       5.676486      -0.000252       0.001366
       5.706516       0.000053       0.002433
       5.736545      -0.000460       0.003655
       5.766574      -0.001662       0.004260
       5.796603      -0.002766       0.004067
       5.826632      -0.003436       0.003661
       5.856661      -0.004040       0.003273
       5.886690      -0.004599       0.002615
       5.916719      -0.004811       0.001748
       5.946748      -0.004601       0.000942
       5.976777      -0.004098       0.000490
       6.006806      -0.003693       0.000453
       6.036835      -0.003586       0.000533
       6.066864      -0.003666       0.000518
       6.096893      -0.003843       0.000350
       6.126922      -0.003984      -0.000045
       6.156951      -0.003908      -0.000597
       6.186980      -0.003520      -0.001152
       6.217009      -0.002810      -0.001440
       6.247038      -0.002102      -0.001241
       6.277067      -0.001747      -0.000758
       6.307096      -0.001769      -0.000324
       6.337125      -0.001964      -0.000145
       6.367154      -0.002073      -0.000172
       6.397183      -0.002041      -0.000190
       6.427212      -0.002019      -0.000096
       6.457241      -0.002135       0.000002
       6.487270      -0.002314      -0.000040
       6.517299      -0.002429      -0.000186
       6.547328      -0.002481      -0.000372
       6.577357      -0.002460      -0.000598
       6.607386      -0.002336      -0.000818
       6.637415      -0.002122      -0.000989
       6.667444      -0.001837      -0.001058
       6.697473      -0.001560      -0.000988
       6.727503      -0.001364      -0.000822
       6.757532      -0.001289      -0.000616
       6.787561      -0.001315      -0.000485
       6.817590      -0.001307      -0.000421
       6.847619      -0.001286      -0.000313
       6.877648      -0.001341      -0.000204
       6.907677      -0.001405      -0.000178
       6.937706      -0.001392      -0.000146
       6.967735      -0.001414      -0.000028
       6.997764      -0.001543       0.000058
       7.027793      -0.001673       0.000040
       7.057822      -0.001724       0.000004
       7.087851      -0.001766       0.000041
       7.117880      -0.001907       0.000097
       7.147909      -0.002129       0.000051
       7.177938      -0.002318      -0.000141
       7.207967      -0.002375      -0.000418
       7.237996      -0.002272      -0.000663
       7.268025      -0.002082      -0.000768
       7.298054      -0.001948      -0.000736
       7.328083      -0.001925      -0.000680
       7.358112      -0.001945      -0.000675
       7.388141      -0.001959      -0.000678
       7.418170      -0.002021      -0.000674
       7.448199      -0.002126      -0.000752
       7.478228      -0.002163      -0.000911
       7.508257      -0.002118      -0.001050
       7.538286      -0.002052      -0.001143
       7.568315      -0.001996      -0.001210
       7.598344      -0.001951      -0.001279
       7.628373      -0.001893      -0.001355
       7.658402      -0.001825      -0.001418
       7.688431      -0.001764      -0.001487
       7.718460      -0.001664      -0.001587
       7.748489      -0.001472      -0.001649
       7.778519      -0.001251      -0.001582
       7.808548      -0.001097      -0.001400
       7.838577      -0.001060      -0.001148
       7.868606      -0.001174      -0.000891
       7.898635      -0.001441      -0.000711
       7.928664      -0.001799      -0.000684
       7.958693      -0.002183      -0.000830
       7.988722      -0.002510      -0.001187
       8.018751      -0.002643      -0.001692
       8.048780      -0.002561      -0.002215
       8.078809      -0.002283      -0.002690
       8.108838      -0.001819      -0.003023
       8.138867      -0.001255      -0.003108
       8.168896      -0.000779      -0.002888
       8.198925      -0.000617      -0.002573
       8.228954      -0.000554      -0.002424
       8.258983      -0.000452      -0.002193
       8.289012      -0.000622      -0.001908
       8.319041      -0.000980      -0.001904
       8.349070      -0.001277      -0.002201
       8.379099      -0.001328      -0.002761
       8.409128      -0.000900      -0.003325
       8.439157      -0.000159      -0.003454
       8.469186       0.000416      -0.003103
       8.499215       0.000585      -0.002618
       8.529244       0.000463      -0.002285
       8.559273       0.000210      -0.002240
       8.589302       0.000129      -0.002537
       8.619331       0.000516      -0.002858
       8.649360       0.001189      -0.002701
       8.679389       0.001543      -0.002020
       8.709418       0.001293      -0.001343
       8.739447       0.000738      -0.001137
       8.769476       0.000391      -0.001347
       8.799506       0.000347      -0.001595
       8.829535       0.000470      -0.001727
       8.859564       0.000598      -0.001660
       8.889593       0.000506      -0.001554
       8.919622       0.000365      -0.001692
       8.949651       0.000415      -0.001912
       8.979680       0.000578      -0.002128
       9.009709       0.000984      -0.002278
       9.039738       0.001461      -0.002039
       9.069767       0.001613      -0.001596
       9.099796       0.001561      -0.001252
       9.129825       0.001397      -0.000967
       9.159854       0.001113      -0.000828
       9.189883       0.000833      -0.000885
       9.219912       0.000670      -0.001126
       9.249941       0.000801      -0.001435
       9.279970       0.001215      -0.001450
       9.309999       0.001426      -0.000968
       9.340028       0.000954      -0.000499
       9.370057       0.000200      -0.000796
       9.400086       0.000075      -0.001680
       9.430115       0.000669      -0.002304
       9.460144       0.001398      -0.002379
       9.490173       0.001961      -0.002175
       9.520202       0.002434      -0.001818
       9.550231       0.002715      -0.001237
       9.580260       0.002617      -0.000652
       9.610289       0.002337      -0.000369
       9.640318       0.002192      -0.000260
       9.670347       0.002090      -0.000090
       9.700376       0.001888       0.000034
       9.730405       0.001705       0.000008
       9.760434       0.001639      -0.000085
       9.790463       0.001685      -0.000178
       9.820492       0.001869      -0.000215
       9.850522       0.002160      -0.000037
       9.880551       0.002294       0.000454
       9.910580       0.001974       0.000985
       9.940609       0.001373       0.001086
       9.970638       0.001035       0.000761
      10.000667       0.001077       0.000532
      10.030696       0.001067       0.000481
      10.060725       0.001082       0.000273
      10.090754       0.001430       0.000153
      10.120783       0.001793       0.000485
      10.150812       0.001730       0.001009
      10.180841       0.001358       0.001271
      10.210870       0.001048       0.001219
      10.240899       0.000993       0.001094
      10.270928       0.001078       0.001184
      10.300957       0.000950       0.001455
      10.330986       0.000611       0.001539
      10.361015       0.000378       0.001419
      10.391044       0.000295       0.001313
      10.421073       0.000267       0.001296
      10.451102       0.000187       0.001402
      10.481131      -0.000105       0.001498
      10.511160      -0.000472       0.001328
      10.541189      -0.000630       0.000984
      10.571218      -0.000585       0.000704
      10.601247      -0.000481       0.000554
      10.631276      -0.000397       0.000484
      10.661305      -0.000335       0.000456
      10.691334      -0.000315       0.000476
      10.721363      -0.000389       0.000469
      10.751392      -0.000445       0.000342
      10.781421      -0.000362       0.000218
      10.811450      -0.000246       0.000227
      10.841479      -0.000213       0.000316
      10.871509      -0.000287       0.000420
      10.901538      -0.000486       0.000445
      10.931567      -0.000706       0.000292
      10.961596      -0.000797      -0.000018
      10.991625      -0.000659      -0.000327
      11.021654      -0.000397      -0.000458
      11.051683      -0.000189      -0.000438
      11.081712      -0.000057      -0.000377
      11.111741       0.000034      -0.000295
      11.141770       0.000066      -0.000192
      11.171799       0.000028      -0.000115
      11.201828      -0.000045      -0.000105
      11.231857      -0.000098      -0.000167
      11.261886      -0.000086      -0.000272
      11.291915       0.000023      -0.000350
      11.321944       0.000157      -0.000306
      11.351973       0.000163      -0.000184
      11.382002       0.000027      -0.000187
      11.412031       0.000001      -0.000410
      11.442060       0.000249      -0.000588
      11.472089       0.000576      -0.000521
      11.502118       0.000790      -0.000263
      11.532147       0.000799       0.000053
      11.562176       0.000653       0.000253
      11.592205       0.000518       0.000317
      11.622234       0.000448       0.000350
      11.652263       0.000398       0.000416
      11.682292       0.000306       0.000501
      11.712321       0.000160       0.000552
      11.742350      -0.000008       0.000528
      11.772379      -0.000137       0.000417
      11.802408      -0.000153       0.000269
      11.832437      -0.000064       0.000213
      11.862466      -0.000028       0.000304
      11.892495      -0.000161       0.000393
      11.922525      -0.000355       0.000322
      11.952554      -0.000450       0.000134
      11.982583      -0.000424      -0.000043
      12.012612      -0.000357      -0.000169
      12.042641      -0.000252      -0.000279
      12.072670      -0.000093      -0.000306
      12.102699       0.000002      -0.000240
      12.132728       0.000028      -0.000199
      12.162757       0.000068      -0.000171
      12.192786       0.000083      -0.000116
      12.222815       0.000075      -0.000093
      12.252844       0.000099      -0.000054
      12.282873       0.000062       0.000044
      12.312902      -0.000083       0.000070
      12.342931      -0.000202      -0.000038
      12.372960      -0.000206      -0.000193
      12.402989      -0.000120      -0.000286
      12.433018      -0.000049      -0.000297
      12.463047      -0.000034      -0.000311
      12.493076      -0.000005      -0.000371
      12.523105       0.000071      -0.000428
      12.553134       0.000179      -0.000452
      12.583163       0.000292      -0.000422
      12.613192       0.000377      -0.000358
      12.643221       0.000435      -0.000267
      12.673250       0.000431      -0.000181
      12.703279       0.000427      -0.000154
      12.733308       0.000473      -0.000110
      12.763337       0.000491      -0.000015
      12.793366       0.000469       0.000053
      12.823395       0.000495       0.000122
      12.853424       0.000506       0.000311
      12.883453       0.000312       0.000565
      12.913482      -0.000109       0.000621
      12.943512      -0.000475       0.000323
      12.973541      -0.000514      -0.000112
      13.003570      -0.000316      -0.000394
      13.033599      -0.000102      -0.000490
      13.063628       0.000050      -0.000536
      13.093657       0.000243      -0.000581
      13.123686       0.000486      -0.000493
      13.153715       0.000593      -0.000249
      13.183744       0.000481      -0.000073
      13.213773       0.000360      -0.000101
      13.243802       0.000392      -0.000191
      13.273831       0.000512      -0.000174
      13.303860       0.000568      -0.000063
      13.333889       0.000548       0.000017
      13.363918       0.000552       0.000070
      13.393947       0.000529       0.000166
      13.423976       0.000441       0.000213
      13.454005       0.000388       0.000190
      13.484034       0.000400       0.000168
      13.514063       0.000452       0.000210
      13.544092       0.000446       0.000335
      13.574121       0.000331       0.000447
      13.604150       0.000148       0.000471
      13.634179      -0.000015       0.000357
      13.664208      -0.000033       0.000195
      13.694237       0.000019       0.000142
      13.724266      -0.000031       0.000140
      13.754295      -0.000124      -0.000014
      13.784324      -0.000019      -0.000268
      13.814353       0.000277      -0.000365
      13.844382       0.000557      -0.000239
      13.874411       0.000709       0.000021
      13.904440       0.000683       0.000332
      13.934469       0.000474       0.000566
      13.964498       0.000183       0.000632
      13.994528      -0.000086       0.000543
      14.024557      -0.000282       0.000337
      14.054586      -0.000353       0.000029
      14.084615      -0.000213      -0.000291
      14.114644       0.000098      -0.000451
      14.144673       0.000417      -0.000411
      14.174702       0.000675      -0.000228
      14.204731       0.000801       0.000100
      14.234760       0.000674       0.000426
      14.264789       0.000428       0.000562
      14.294818       0.000214       0.000574
      14.324847       0.000014       0.000509
      14.354876      -0.000121       0.000345
      14.384905      -0.000138       0.000155
      14.414934      -0.000067       0.000004
      14.444963       0.000054      -0.000080
      14.474992       0.000181      -0.000090
      14.505021       0.000282      -0.000050
      14.535050       0.000348       0.000028
      14.565079       0.000351       0.000123
      14.595108       0.000285       0.000171
      14.625137       0.000237       0.000117
      14.655166       0.000303       0.000055
      14.685195       0.000399       0.000096
      14.715224       0.000426       0.000180
      14.745253       0.000418       0.000233
      14.775282       0.000426       0.000270
      14.805311       0.000440       0.000336
      14.835340       0.000412       0.000418
      14.865369       0.000363       0.000466
      14.895398       0.000334       0.000509
      14.925427       0.000293       0.000583
      14.955456       0.000196       0.000654
      14.985485       0.000074       0.000682
      15.015515      -0.000069       0.000682
      15.045544      -0.000235       0.000607
      15.075573      -0.000350       0.000440
      15.105602      -0.000356       0.000238
      15.135631      -0.000261       0.000085
      15.165660      -0.000135       0.000022
      15.195689      -0.000036       0.000019
      15.225718       0.000031       0.000040
      15.255747       0.000060       0.000064
      15.285776       0.000079       0.000050
      15.315805       0.000145       0.000024
      15.345834       0.000245       0.000044
      15.375863       0.000325       0.000121
      15.405892       0.000369       0.000209
      15.435921       0.000414       0.000313
      15.465950       0.000429       0.000482
      15.495979       0.000325       0.000685
      15.526008       0.000091       0.000794
      15.556037      -0.000141       0.000741
      15.586066      -0.000273       0.000611
      15.616095      -0.000328       0.000487
      15.646124      -0.000347       0.000386
      15.676153      -0.000351       0.000304
      15.706182      -0.000349       0.000230
      15.736211      -0.000337       0.000160
      15.766240      -0.000323       0.000090
      15.796269      -0.000293      -0.000002
      15.826298      -0.000202      -0.000091
      15.856327      -0.000067      -0.000118
      15.886356       0.000057      -0.000068
      15.916385       0.000127       0.000033
      15.946414       0.000127       0.000146
      15.976443       0.000055       0.000225
      16.006472      -0.000045       0.000213
      16.036502      -0.000078       0.000122
      16.066531      -0.000011       0.000054
      16.096560       0.000078       0.000061
      16.126589       0.000156       0.000105
      16.156618       0.000240       0.000213
      16.186647       0.000230       0.000412
      16.216676       0.000060       0.000570
      16.246705      -0.000164       0.000579
      16.276734      -0.000327       0.000479
      16.306763      -0.000418       0.000354
      16.336792      -0.000472       0.000212
      16.366821      -0.000458       0.000048
      16.396850      -0.000364      -0.000073
      16.426879      -0.000263      -0.000118
      16.456908      -0.000186      -0.000150
      16.486937      -0.000067      -0.000175
      16.516966       0.000082      -0.000104
      16.546995       0.000146       0.000080
      16.577024       0.000041       0.000270
      16.607053      -0.000190       0.000307
      16.637082      -0.000342       0.000151
      16.667111      -0.000317       0.000001
      16.697140      -0.000281      -0.000034
      16.727169      -0.000327      -0.000085
      16.757198      -0.000345      -0.000251
      16.787227      -0.000192      -0.000440
      16.817256       0.000088      -0.000459
      16.847285       0.000278      -0.000266
      16.877314       0.000260      -0.000045
      16.907343       0.000142       0.000054
      16.937372       0.000028       0.000073
      16.967401      -0.000091       0.000025
      16.997430      -0.000148      -0.000117
      17.027459      -0.000087      -0.000252
      17.057488       0.000012      -0.000320
      17.087518       0.000122      -0.000361
      17.117547       0.000255      -0.000355
      17.147576       0.000365      -0.000294
      17.177605       0.000447      -0.000223
      17.207634       0.000534      -0.000126
      17.237663       0.000583       0.000034
      17.267692       0.000531       0.000208
      17.297721       0.000408       0.000315
      17.327750       0.000270       0.000360
      17.357779       0.000111       0.000342
      17.387808      -0.000017       0.000208
      17.417837      -0.000006       0.000023
      17.447866       0.000111      -0.000086
      17.477895       0.000248      -0.000119
      17.507924       0.000400      -0.000080
      17.537953       0.000511       0.000053
      17.567982       0.000527       0.000227
      17.598011       0.000433       0.000376
      17.628040       0.000281       0.000401
      17.658069       0.000226       0.000330
      17.688098       0.000258       0.000319
      17.718127       0.000257       0.000376
      17.748156       0.000197       0.000423
      17.778185       0.000124       0.000422
      17.808214       0.000077       0.000395
      17.838243       0.000043       0.000378
      17.868272      -0.000009       0.000350
      17.898301      -0.000044       0.000274
      17.928330      -0.000013       0.000186
      17.958359       0.000070       0.000152
      17.988388       0.000134       0.000185
      18.018417       0.000149       0.000228
      18.048446       0.000147       0.000250
      18.078475       0.000148       0.000263
      18.108505       0.000161       0.000264
      18.138534       0.000206       0.000287
      18.168563       0.000243       0.000366
      18.198592       0.000224       0.000481
      18.228621       0.000127       0.000585
      18.258650      -0.000026       0.000615
      18.288679      -0.000157       0.000555
      18.318708      -0.000222       0.000466
      18.348737      -0.000256       0.000397
      18.378766      -0.000295       0.000319
      18.408795      -0.000302       0.000213
      18.438824      -0.000258       0.000109
      18.468853      -0.000162       0.000041
      18.498882      -0.000051       0.000046
      18.528911       0.000013       0.000108
      18.558940       0.000016       0.000168
      18.588969      -0.000008       0.000192
      18.618998      -0.000020       0.000179
      18.649027       0.000004       0.000168
      18.679056       0.000040       0.000187
      18.709085       0.000065       0.000233
      18.739114       0.000073       0.000300
      18.769143       0.000039       0.000396
      18.799172      -0.000077       0.000479
      18.829201      -0.000244       0.000481
      18.859230      -0.000407       0.000392
      18.889259      -0.000521       0.000212
      18.919288      -0.000515      -0.000021
      18.949317      -0.000383      -0.000197
      18.979346      -0.000220      -0.000260
      19.009375      -0.000101      -0.000263
      19.039404      -0.000011      -0.000269
      19.069433       0.000101      -0.000275
      19.099462       0.000238      -0.000230
      19.129491       0.000346      -0.000113
      19.159521       0.000375       0.000045
      19.189550       0.000307       0.000182
      19.219579       0.000185       0.000232
      19.249608       0.000082       0.000195
      19.279637       0.000033       0.000109
      19.309666       0.000046       0.000011
      19.339695       0.000110      -0.000066
      19.369724       0.000200      -0.000121
      19.399753       0.000336      -0.000159
      19.429782       0.000526      -0.000115
      19.459811       0.000687       0.000063
      19.489840       0.000685       0.000322
      19.519869       0.000507       0.000459
      19.549898       0.000381       0.000383
      19.579927       0.000444       0.000293
      19.609956       0.000575       0.000331
      19.639985       0.000663       0.000453
      19.670014       0.000705       0.000611
      19.700043       0.000694       0.000798
      19.730072       0.000616       0.000980
      19.760101       0.000495       0.001144
      19.790130       0.000313       0.001294
      19.820159       0.000060       0.001369
      19.850188      -0.000193       0.001330
      19.880217      -0.000381       0.001217
      19.910246      -0.000504       0.001091
      19.940275      -0.000597       0.000961
      19.970304      -0.000649       0.000812
      20.000333      -0.000643       0.000672
      20.030362      -0.000594       0.000568
      20.060391      -0.000518       0.000521
      20.090420      -0.000473       0.000546
      20.120449      -0.000516       0.000578
      20.150478      -0.000595       0.000515
      20.180508      -0.000575       0.000384
      20.210537      -0.000452       0.000328
      20.240566      -0.000336       0.000399
      20.270595      -0.000323       0.000545
      20.300624      -0.000433       0.000669
      20.330653      -0.000613       0.000693
      20.360682      -0.000779       0.000610
      20.390711      -0.000884       0.000450
      20.420740      -0.000885       0.000257
      20.450769      -0.000775       0.000114
      20.480798      -0.000622       0.000096
      20.510827      -0.000542       0.000193
      20.540856      -0.000593       0.000305
      20.570885      -0.000749       0.000336
      20.600914      -0.000910       0.000208
      20.630943      -0.000930      -0.000009
      20.660972      -0.000821      -0.000161
      20.691001      -0.000698      -0.000207
      20.721030      -0.000628      -0.000199
      20.751059      -0.000612      -0.000210
      20.781088      -0.000586      -0.000267
      20.811117      -0.000513      -0.000322
      20.841146      -0.000423      -0.000334
      20.871175      -0.000354      -0.000319
      20.901204      -0.000301      -0.000308
      20.931233      -0.000234      -0.000295
      20.961262      -0.000166      -0.000247
      20.991291      -0.000136      -0.000176
      21.021320      -0.000138      -0.000123
      21.051349      -0.000137      -0.000082
      21.081378      -0.000149      -0.000025
      21.111407      -0.000205       0.000020
      21.141436      -0.000280       0.000014
      21.171465      -0.000332      -0.000047
      21.201494      -0.000322      -0.000127
      21.231524      -0.000266      -0.000171
      21.261553      -0.000211      -0.000172
      21.291582      -0.000172      -0.000154
      21.321611      -0.000149      -0.000131
      21.351640      -0.000138      -0.000107
      21.381669      -0.000139      -0.000086
      21.411698      -0.000146      -0.000079
      21.441727      -0.000143      -0.000084
      21.471756      -0.000127      -0.000082
      21.501785      -0.000113      -0.000065
      21.531814      -0.000112      -0.000042
      21.561843      -0.000124      -0.000028
      21.591872      -0.000136      -0.000027
      21.621901      -0.000138      -0.000032
      21.651930      -0.000133      -0.000030
      21.681959      -0.000134      -0.000019
      21.711988      -0.000150      -0.000013
      21.742017      -0.000169      -0.000031
      21.772046      -0.000159      -0.000065
      21.802075      -0.000118      -0.000078
      21.832104      -0.000081      -0.000052
      21.862133      -0.000073      -0.000008
      21.892162      -0.000098       0.000026
      21.922191      -0.000136       0.000030
      21.952220      -0.000158       0.000006
      21.982249      -0.000152      -0.000017
      22.012278      -0.000137      -0.000024
      22.042307      -0.000125      -0.000018
      22.072336      -0.000122      -0.000007
      22.102365      -0.000130       0.000001
      22.132394      -0.000140      -0.000004
      22.162423      -0.000141      -0.000015
      22.192452      -0.000133      -0.000025
      22.222481      -0.000118      -0.000029
      22.252511      -0.000098      -0.000026
      22.282540      -0.000078      -0.000006
      22.312569      -0.000071       0.000027
      22.342598      -0.000085       0.000067
      22.372627      -0.000126       0.000096
      22.402656      -0.000183       0.000095
      22.432685      -0.000228       0.000055
      22.462714      -0.000234      -0.000002
      22.492743      -0.000205      -0.000038
      22.522772      -0.000174      -0.000042
      22.552801      -0.000163      -0.000030
      22.582830      -0.000168      -0.000027
      22.612859      -0.000171      -0.000039
      22.642888      -0.000159      -0.000052
      22.672917      -0.000142      -0.000052
      22.702946      -0.000133      -0.000043
      22.732975      -0.000132      -0.000037
      22.763004      -0.000130      -0.000034
      22.793033      -0.000128      -0.000029
      22.823062      -0.000132      -0.000023
      22.853091      -0.000139      -0.000024
      22.883120      -0.000141      -0.000029
      22.913149      -0.000141      -0.000033
      22.943178      -0.000141      -0.000036
      22.973207      -0.000141      -0.000042
      23.003236      -0.000137      -0.000049
      23.033265      -0.000128      -0.000053
      23.063294      -0.000118      -0.000052
      23.093323      -0.000109      -0.000045
      23.123352      -0.000107      -0.000032
      23.153381      -0.000116      -0.000023
      23.183410      -0.000127      -0.000024
      23.213439      -0.000134      -0.000030
      23.243468      -0.000136      -0.000038
      23.273497      -0.000135      -0.000046
      23.303527      -0.000131      -0.000052
      23.333556      -0.000126      -0.000056
      23.363585      -0.000119      -0.000057
      23.393614      -0.000114      -0.000055
      23.423643      -0.000113      -0.000053
      23.453672      -0.000114      -0.000052
      23.483701      -0.000115      -0.000054
      23.513730      -0.000115      -0.000058
      23.543759      -0.000113      -0.000064
      23.573788      -0.000106      -0.000067
      23.603817      -0.000100      -0.000066
      23.633846      -0.000099      -0.000064
      23.663875      -0.000099      -0.000067
      23.693904      -0.000095      -0.000073
      23.723933      -0.000085      -0.000079
      23.753962      -0.000071      -0.000076
      23.783991      -0.000061      -0.000067
      23.814020      -0.000057      -0.000056
      23.844049      -0.000059      -0.000045
      23.874078      -0.000064      -0.000040
      23.904107      -0.000067      -0.000039
      23.934136      -0.000067      -0.000038
      23.964165      -0.000066      -0.000035
      23.994194      -0.000068      -0.000029
      24.024223      -0.000074      -0.000025
      24.054252      -0.000083      -0.000025
      24.084281      -0.000089      -0.000031
      24.114310      -0.000089      -0.000038
      24.144339      -0.000087      -0.000042
      24.174368      -0.000086      -0.000043
      24.204397      -0.000088      -0.000046
      24.234426      -0.000088      -0.000051
      24.264455      -0.000084      -0.000059
      24.294484      -0.000076      -0.000064
      24.324514      -0.000065      -0.000063
      24.354543      -0.000058      -0.000058
      24.384572      -0.000055      -0.000050
      24.414601      -0.000057      -0.000044
      24.444630      -0.000061      -0.000044
      24.474659      -0.000061      -0.000046
      24.504688      -0.000058      -0.000047
      24.534717      -0.000056      -0.000045
      24.564746      -0.000055      -0.000042
      24.594775      -0.000056      -0.000041
      24.624804      -0.000058      -0.000041
      24.654833      -0.000059      -0.000043
      24.684862      -0.000057      -0.000046
      24.714891      -0.000053      -0.000047
      24.744920      -0.000049      -0.000046
      24.774949      -0.000045      -0.000043
      24.804978      -0.000044      -0.000039
      24.835007      -0.000045      -0.000035
      24.865036      -0.000047      -0.000033
      24.895065      -0.000050      -0.000032
      24.925094      -0.000053      -0.000033
      24.955123      -0.000054      -0.000037
      24.985152      -0.000053      -0.000041
      25.015181      -0.000049      -0.000046
      25.045210      -0.000042      -0.000047
      25.075239      -0.000035      -0.000045
      25.105268      -0.000031      -0.000039
      25.135297      -0.000031      -0.000033
      25.165326      -0.000033      -0.000029
      25.195355      -0.000035      -0.000028
      25.225384      -0.000036      -0.000029
      25.255413      -0.000034      -0.000030
      25.285442      -0.000031      -0.000029
      25.315471      -0.000029      -0.000025
      25.345501      -0.000028      -0.000021
      25.375530      -0.000030      -0.000018
      25.405559      -0.000032      -0.000015
      25.435588      -0.000034      -0.000014
      25.465617      -0.000036      -0.000013
      25.495646      -0.000038      -0.000012
      25.525675      -0.000040      -0.000012
      25.555704      -0.000042      -0.000013
      25.585733      -0.000043      -0.000014
      25.615762      -0.000043      -0.000016
      25.645791      -0.000043      -0.000017
      25.675820      -0.000042      -0.000019
      25.705849      -0.000041      -0.000020
      25.735878      -0.000039      -0.000020
      25.765907      -0.000037      -0.000018
      25.795936      -0.000037      -0.000016
      25.825965      -0.000037      -0.000016
      25.855994      -0.000037      -0.000016
      25.886023      -0.000036      -0.000015
      25.916052      -0.000036      -0.000014
      25.946081      -0.000036      -0.000014
      25.976110      -0.000036      -0.000013
      26.006139      -0.000036      -0.000013
      26.036168      -0.000035      -0.000012
      26.066197      -0.000036      -0.000011
      26.096226      -0.000036      -0.000011
      26.126255      -0.000036      -0.000011
      26.156284      -0.000035      -0.000010
      26.186313      -0.000035      -0.000009
      26.216342      -0.000036      -0.000008
      26.246371      -0.000037      -0.000008
      26.276400      -0.000037      -0.000009
      26.306429      -0.000036      -0.000009
      26.336458      -0.000035      -0.000007
      26.366487      -0.000035      -0.000006
      26.396517      -0.000037      -0.000005
      26.426546      -0.000038      -0.000005
      26.456575      -0.000038      -0.000005
      26.486604      -0.000038      -0.000005
      26.516633      -0.000038      -0.000005
      26.546662      -0.000039      -0.000004
      26.576691      -0.000039      -0.000004
      26.606720      -0.000040      -0.000004
      26.636749      -0.000040      -0.000005
      26.666778      -0.000040      -0.000005
      26.696807      -0.000039      -0.000005
      26.726836      -0.000040      -0.000005
      26.756865      -0.000040      -0.000004
      26.786894      -0.000040      -0.000004
      26.816923      -0.000041      -0.000005
      26.846952      -0.000041      -0.000005
      26.876981      -0.000040      -0.000005
      26.907010      -0.000040      -0.000005
      26.937039      -0.000040      -0.000005
      26.967068      -0.000040      -0.000005
      26.997097      -0.000039      -0.000005
      27.027126      -0.000039      -0.000004
      27.057155      -0.000039      -0.000004
      27.087184      -0.000039      -0.000004
      27.117213      -0.000039      -0.000003
      27.147242      -0.000039      -0.000002
      27.177271      -0.000040      -0.000002
      27.207300      -0.000040      -0.000003
      27.237329      -0.000040      -0.000003
      27.267358      -0.000040      -0.000002
      27.297387      -0.000040      -0.000002
      27.327416      -0.000040      -0.000002
      27.357445      -0.000041      -0.000001
      27.387474      -0.000041      -0.000001
      27.417504      -0.000042      -0.000001
      27.447533      -0.000042      -0.000002
      27.477562      -0.000042      -0.000003
      27.507591      -0.000042      -0.000003
      27.537620      -0.000042      -0.000003
      27.567649      -0.000042      -0.000003
      27.597678      -0.000041      -0.000003
      27.627707      -0.000041      -0.000002
      27.657736      -0.000041      -0.000001
      27.687765      -0.000041      -0.000001
      27.717794      -0.000042      -0.000001
      27.747823      -0.000042      -0.000000
      27.777852      -0.000043      -0.000000
      27.807881      -0.000044      -0.000001
      27.837910      -0.000044      -0.000001
      27.867939      -0.000044      -0.000002
      27.897968      -0.000044      -0.000002
      27.927997      -0.000043      -0.000002
      27.958026      -0.000043      -0.000002
      27.988055      -0.000044      -0.000002
      28.018084      -0.000044      -0.000002
      28.048113      -0.000045      -0.000003
      28.078142      -0.000045      -0.000004
      28.108171      -0.000044      -0.000004
      28.138200      -0.000043      -0.000004
      28.168229      -0.000043      -0.000003
      28.198258      -0.000044      -0.000004
      28.228287      -0.000044      -0.000004
      28.258316      -0.000043      -0.000004
      28.288345      -0.000043      -0.000004
      28.318374      -0.000043      -0.000004
      28.348403      -0.000043      -0.000004
      28.378432      -0.000043      -0.000003
      28.408461      -0.000043      -0.000003
      28.438490      -0.000043      -0.000003
      28.468520      -0.000044      -0.000003
      28.498549      -0.000044      -0.000003
      28.528578      -0.000044      -0.000004
      28.558607      -0.000044      -0.000004
      28.588636      -0.000044      -0.000004
      28.618665      -0.000044      -0.000004
      28.648694      -0.000044      -0.000004
      28.678723      -0.000044      -0.000004
      28.708752      -0.000044      -0.000005
      28.738781      -0.000044      -0.000005
      28.768810      -0.000043      -0.000006
      28.798839      -0.000042      -0.000005
      28.828868      -0.000042      -0.000004
      28.858897      -0.000042      -0.000003
      28.888926      -0.000043      -0.000003
      28.918955      -0.000044      -0.000002
      28.948984      -0.000045      -0.000002
      28.979013      -0.000047      -0.000003
      29.009042      -0.000048      -0.000005
      29.039071      -0.000048      -0.000007
      29.069100      -0.000047      -0.000010
      29.099129      -0.000045      -0.000012
      29.129158      -0.000042      -0.000012
      29.159187      -0.000040      -0.000011
      29.189216      -0.000038      -0.000010
      29.219245      -0.000037      -0.000008
      29.249274      -0.000037      -0.000006
      29.279303      -0.000038      -0.000005
      29.309332      -0.000039      -0.000004
      29.339361      -0.000039      -0.000004
      29.369390      -0.000040      -0.000004
      29.399419      -0.000040      -0.000004
      29.429448      -0.000040      -0.000004
      29.459477      -0.000040      -0.000004
      29.489507      -0.000039      -0.000004
      29.519536      -0.000039      -0.000004
      29.549565      -0.000038      -0.000003
      29.579594      -0.000039      -0.000002
      29.609623      -0.000039      -0.000001
      29.639652      -0.000040      -0.000001
      29.669681      -0.000041      -0.000001
      29.699710      -0.000041      -0.000001
      29.729739      -0.000042      -0.000001
      29.759768      -0.000042      -0.000002
      29.789797      -0.000042      -0.000002
      29.819826      -0.000041      -0.000003
      29.849855      -0.000041      -0.000002
      29.879884      -0.000041      -0.000002
      29.909913      -0.000042      -0.000001
      29.939942      -0.000042      -0.000001
      29.969971      -0.000042      -0.000001
      30.000000      -0.000043      -0.000001
