  # energy grid [eV]     epsr     epsi
       0.001000       0.000299      -0.000001
       0.031029       0.000299      -0.000001
       0.061058       0.000299      -0.000001
       0.091087       0.000299      -0.000001
       0.121116       0.000299      -0.000001
       0.151145       0.000299      -0.000001
       0.181174       0.000299      -0.000001
       0.211203       0.000299      -0.000001
       0.241232       0.000298      -0.000001
       0.271261       0.000298      -0.000001
       0.301290       0.000298      -0.000002
       0.331319       0.000297      -0.000002
       0.361348       0.000297      -0.000002
       0.391377       0.000297      -0.000002
       0.421406       0.000296      -0.000002
       0.451435       0.000296      -0.000002
       0.481464       0.000295      -0.000002
       0.511493       0.000295      -0.000002
       0.541523       0.000294      -0.000002
       0.571552       0.000294      -0.000003
       0.601581       0.000293      -0.000003
       0.631610       0.000292      -0.000003
       0.661639       0.000292      -0.000003
       0.691668       0.000291      -0.000003
       0.721697       0.000290      -0.000003
       0.751726       0.000289      -0.000003
       0.781755       0.000288      -0.000004
       0.811784       0.000287      -0.000004
       0.841813       0.000287      -0.000004
       0.871842       0.000285      -0.000004
       0.901871       0.000284      -0.000004
       0.931900       0.000283      -0.000004
       0.961929       0.000282      -0.000005
       0.991958       0.000281      -0.000005
       1.021987       0.000280      -0.000005
       1.052016       0.000278      -0.000005
       1.082045       0.000277      -0.000005
       1.112074       0.000275      -0.000006
       1.142103       0.000274      -0.000006
       1.172132       0.000272      -0.000006
       1.202161       0.000271      -0.000006
       1.232190       0.000269      -0.000006
       1.262219       0.000267      -0.000007
       1.292248       0.000265      -0.000007
       1.322277       0.000263      -0.000007
       1.352306       0.000261      -0.000008
       1.382335       0.000259      -0.000008
       1.412364       0.000257      -0.000008
       1.442393       0.000254      -0.000009
       1.472422       0.000252      -0.000009
       1.502451       0.000249      -0.000009
       1.532480       0.000247      -0.000010
       1.562510       0.000244      -0.000010
       1.592539       0.000241      -0.000010
       1.622568       0.000238      -0.000011
       1.652597       0.000235      -0.000011
       1.682626       0.000232      -0.000012
       1.712655       0.000228      -0.000012
       1.742684       0.000225      -0.000013
       1.772713       0.000221      -0.000013
       1.802742       0.000217      -0.000014
       1.832771       0.000213      -0.000015
       1.862800       0.000208      -0.000015
       1.892829       0.000204      -0.000016
       1.922858       0.000199      -0.000017
       1.952887       0.000194      -0.000017
       1.982916       0.000189      -0.000018
       2.012945       0.000184      -0.000019
       2.042974       0.000178      -0.000020
       2.073003       0.000172      -0.000021
       2.103032       0.000166      -0.000022
       2.133061       0.000159      -0.000023
       2.163090       0.000152      -0.000024
       2.193119       0.000145      -0.000025
       2.223148       0.000138      -0.000027
       2.253177       0.000130      -0.000028
       2.283206       0.000121      -0.000030
       2.313235       0.000113      -0.000031
       2.343264       0.000103      -0.000033
       2.373293       0.000093      -0.000034
       2.403322       0.000083      -0.000036
       2.433351       0.000072      -0.000038
       2.463380       0.000061      -0.000040
       2.493409       0.000049      -0.000043
       2.523438       0.000036      -0.000045
       2.553467       0.000022      -0.000048
       2.583496       0.000008      -0.000051
       2.613526      -0.000008      -0.000054
       2.643555      -0.000024      -0.000057
       2.673584      -0.000041      -0.000061
       2.703613      -0.000059      -0.000065
       2.733642      -0.000079      -0.000069
       2.763671      -0.000100      -0.000074
       2.793700      -0.000122      -0.000079
       2.823729      -0.000146      -0.000084
       2.853758      -0.000171      -0.000091
       2.883787      -0.000199      -0.000097
       2.913816      -0.000228      -0.000105
       2.943845      -0.000259      -0.000113
       2.973874      -0.000293      -0.000122
       3.003903      -0.000330      -0.000132
       3.033932      -0.000370      -0.000143
       3.063961      -0.000413      -0.000155
       3.093990      -0.000459      -0.000169
       3.124019      -0.000510      -0.000185
       3.154048      -0.000566      -0.000203
       3.184077      -0.000626      -0.000223
       3.214106      -0.000693      -0.000247
       3.244135      -0.000767      -0.000273
       3.274164      -0.000848      -0.000304
       3.304193      -0.000939      -0.000339
       3.334222      -0.001041      -0.000380
       3.364251      -0.001156      -0.000428
       3.394280      -0.001288      -0.000483
       3.424309      -0.001445      -0.000549
       3.454338      -0.001637      -0.000632
       3.484367      -0.001880      -0.000754
       3.514396      -0.002173      -0.000957
       3.544425      -0.002478      -0.001282
       3.574454      -0.002749      -0.001739
       3.604483      -0.002933      -0.002337
       3.634513      -0.002951      -0.003049
       3.664542      -0.002753      -0.003789
       3.694571      -0.002351      -0.004477
       3.724600      -0.001758      -0.005040
       3.754629      -0.001056      -0.005388
       3.784658      -0.000384      -0.005550
       3.814687       0.000282      -0.005656
       3.844716       0.001096      -0.005594
       3.874745       0.001846      -0.005070
       3.904774       0.002074      -0.004304
       3.934803       0.001890      -0.003717
       3.964832       0.001403      -0.003313
       3.994861       0.000551      -0.003377
       4.024890      -0.000220      -0.004213
       4.054919      -0.000449      -0.005628
       4.084948       0.000144      -0.007378
       4.114977       0.001911      -0.008936
       4.145006       0.004600      -0.009358
       4.175035       0.007181      -0.008236
       4.205064       0.008644      -0.006099
       4.235093       0.008883      -0.004093
       4.265122       0.008720      -0.002557
       4.295151       0.008202      -0.001029
       4.325180       0.006858       0.000045
       4.355209       0.005366      -0.000206
       4.385238       0.005064      -0.001279
       4.415267       0.005847      -0.001739
       4.445296       0.006707      -0.001305
       4.475325       0.007203      -0.000290
       4.505354       0.007080       0.001100
       4.535383       0.005962       0.002448
       4.565412       0.003953       0.002805
       4.595441       0.002112       0.001649
       4.625470       0.001495      -0.000486
       4.655499       0.002470      -0.002505
       4.685529       0.004470      -0.003312
       4.715558       0.006259      -0.002640
       4.745587       0.006791      -0.001353
       4.775616       0.006423      -0.000997
       4.805645       0.006917      -0.001617
       4.835674       0.008652      -0.001464
       4.865703       0.010150       0.000230
       4.895732       0.010259       0.002507
       4.925761       0.009339       0.004076
       4.955790       0.008437       0.004823
       4.985819       0.007965       0.005350
       5.015848       0.007706       0.006246
       5.045877       0.006957       0.007626
       5.075906       0.005199       0.008736
       5.105935       0.003081       0.008651
       5.135964       0.001736       0.007721
       5.165993       0.001142       0.007047
       5.196022       0.000317       0.006740
       5.226051      -0.000839       0.005881
       5.256080      -0.001407       0.004275
       5.286109      -0.000913       0.002801
       5.316138      -0.000113       0.002150
       5.346167       0.000397       0.001697
       5.376196       0.001229       0.001158
       5.406225       0.002479       0.001251
       5.436254       0.003328       0.002194
       5.466283       0.003314       0.003239
       5.496312       0.002934       0.003797
       5.526341       0.002742       0.004138
       5.556370       0.002538       0.004739
       5.586399       0.001833       0.005433
       5.616428       0.000629       0.005663
       5.646457      -0.000579       0.005156
       5.676486      -0.001355       0.004124
       5.706516      -0.001557       0.002848
       5.736545      -0.001062       0.001638
       5.766574      -0.000029       0.000957
       5.796603       0.001022       0.000979
       5.826632       0.001708       0.001359
       5.856661       0.002193       0.001779
       5.886690       0.002586       0.002374
       5.916719       0.002668       0.003141
       5.946748       0.002358       0.003821
       5.976777       0.001847       0.004169
       6.006806       0.001425       0.004254
       6.036835       0.001105       0.004236
       6.066864       0.000968       0.004106
       6.096893       0.001118       0.004206
       6.126922       0.001019       0.004749
       6.156951       0.000380       0.005132
       6.186980      -0.000290       0.005059
       6.217009      -0.000763       0.004834
       6.247038      -0.001171       0.004570
       6.277067      -0.001529       0.004165
       6.307096      -0.001627       0.003628
       6.337125      -0.001415       0.003311
       6.367154      -0.001330       0.003362
       6.397183      -0.001602       0.003341
       6.427212      -0.001866       0.002981
       6.457241      -0.001860       0.002497
       6.487270      -0.001602       0.002101
       6.517299      -0.001214       0.001950
       6.547328      -0.000929       0.002017
       6.577357      -0.000767       0.002113
       6.607386      -0.000613       0.002224
       6.637415      -0.000481       0.002463
       6.667444      -0.000580       0.002831
       6.697473      -0.000972       0.003004
       6.727503      -0.001310       0.002850
       6.757532      -0.001421       0.002623
       6.787561      -0.001423       0.002480
       6.817590      -0.001414       0.002414
       6.847619      -0.001434       0.002387
       6.877648      -0.001478       0.002368
       6.907677      -0.001558       0.002367
       6.937706      -0.001711       0.002322
       6.967735      -0.001853       0.002165
       6.997764      -0.001881       0.001963
       7.027793      -0.001830       0.001846
       7.057822      -0.001844       0.001820
       7.087851      -0.001973       0.001732
       7.117880      -0.002072       0.001475
       7.147909      -0.001982       0.001160
       7.177938      -0.001734       0.000962
       7.207967      -0.001469       0.000943
       7.237996      -0.001316       0.001050
       7.268025      -0.001327       0.001118
       7.298054      -0.001336       0.001009
       7.328083      -0.001131       0.000852
       7.358112      -0.000764       0.000914
       7.388141      -0.000513       0.001243
       7.418170      -0.000493       0.001631
       7.448199      -0.000617       0.001968
       7.478228      -0.000851       0.002248
       7.508257      -0.001174       0.002428
       7.538286      -0.001523       0.002483
       7.568315      -0.001824       0.002435
       7.598344      -0.002046       0.002377
       7.628373      -0.002270       0.002388
       7.658402      -0.002611       0.002416
       7.688431      -0.003067       0.002344
       7.718460      -0.003591       0.002131
       7.748489      -0.004155       0.001709
       7.778519      -0.004644       0.001035
       7.808548      -0.004986       0.000123
       7.838577      -0.005031      -0.001086
       7.868606      -0.004477      -0.002446
       7.898635      -0.003199      -0.003498
       7.928664      -0.001516      -0.003807
       7.958693       0.000161      -0.003277
       7.988722       0.001342      -0.001847
       8.018751       0.001339      -0.000010
       8.048780       0.000176       0.001221
       8.078809      -0.001388       0.001207
       8.108838      -0.002261      -0.000003
       8.138867      -0.001703      -0.001311
       8.168896      -0.000453      -0.001478
       8.198925       0.000204      -0.000807
       8.228954       0.000333      -0.000206
       8.258983       0.000231       0.000385
       8.289012      -0.000299       0.000697
       8.319041      -0.000642       0.000317
       8.349070      -0.000096      -0.000055
       8.379099       0.000784       0.000634
       8.409128       0.000661       0.002166
       8.439157      -0.000695       0.003204
       8.469186      -0.002337       0.003106
       8.499215      -0.003430       0.002213
       8.529244      -0.003803       0.001272
       8.559273      -0.003990       0.000690
       8.589302      -0.004499       0.000125
       8.619331      -0.005166      -0.001263
       8.649360      -0.004464      -0.003651
       8.679389      -0.001529      -0.004814
       8.709418       0.001264      -0.002904
       8.739447       0.001148       0.000381
       8.769476      -0.001363       0.001902
       8.799506      -0.003540       0.001146
       8.829535      -0.004529      -0.000002
       8.859564      -0.005640      -0.001132
       8.889593      -0.006436      -0.003662
       8.919622      -0.004960      -0.006504
       8.949651      -0.002321      -0.007352
       8.979680      -0.000705      -0.006802
       9.009709       0.000000      -0.006665
       9.039738       0.001299      -0.006908
       9.069767       0.003062      -0.006090
       9.099796       0.003730      -0.004198
       9.129825       0.002810      -0.002809
       9.159854       0.001548      -0.002926
       9.189883       0.001112      -0.003950
       9.219912       0.001494      -0.005018
       9.249941       0.002387      -0.005967
       9.279970       0.003897      -0.006743
       9.309999       0.006090      -0.006895
       9.340028       0.008572      -0.005965
       9.370057       0.010771      -0.003624
       9.400086       0.011169      -0.000025
       9.430115       0.009262       0.002305
       9.460144       0.007847       0.002350
       9.490173       0.008229       0.002501
       9.520202       0.008695       0.004222
       9.550231       0.007677       0.006569
       9.580260       0.005244       0.007968
       9.610289       0.002760       0.007651
       9.640318       0.001464       0.006556
       9.670347       0.000873       0.005838
       9.700376       0.000281       0.005305
       9.730405      -0.000240       0.004708
       9.760434      -0.000764       0.004044
       9.790463      -0.001228       0.002918
       9.820492      -0.000832       0.001284
       9.850522       0.000924       0.000246
       9.880551       0.003006       0.001006
       9.910580       0.003634       0.003034
       9.940609       0.002669       0.004450
       9.970638       0.001559       0.004606
      10.000667       0.001177       0.004278
      10.030696       0.001303       0.004323
      10.060725       0.001273       0.004842
      10.090754       0.000824       0.005471
      10.120783       0.000001       0.005903
      10.150812      -0.000976       0.005971
      10.180841      -0.001944       0.005710
      10.210870      -0.002780       0.005082
      10.240899      -0.003239       0.004250
      10.270928      -0.003399       0.003464
      10.300957      -0.003331       0.002785
      10.330986      -0.003243       0.002322
      10.361015      -0.003274       0.001672
      10.391044      -0.002793       0.000738
      10.421073      -0.001595       0.000321
      10.451102      -0.000427       0.000918
      10.481131      -0.000080       0.002171
      10.511160      -0.000770       0.003251
      10.541189      -0.002032       0.003478
      10.571218      -0.003034       0.002690
      10.601247      -0.003035       0.001542
      10.631276      -0.002362       0.001074
      10.661305      -0.002029       0.001224
      10.691334      -0.002097       0.001196
      10.721363      -0.002007       0.000889
      10.751392      -0.001602       0.000665
      10.781421      -0.001044       0.000791
      10.811450      -0.000672       0.001315
      10.841479      -0.000693       0.002015
      10.871509      -0.001200       0.002661
      10.901538      -0.002117       0.002838
      10.931567      -0.002944       0.002348
      10.961596      -0.003225       0.001453
      10.991625      -0.002805       0.000702
      11.021654      -0.002090       0.000612
      11.051683      -0.001745       0.001075
      11.081712      -0.001941       0.001523
      11.111741      -0.002366       0.001678
      11.141770      -0.002838       0.001585
      11.171799      -0.003273       0.001199
      11.201828      -0.003381       0.000557
      11.231857      -0.003079       0.000104
      11.261886      -0.002801      -0.000015
      11.291915      -0.002676      -0.000090
      11.321944      -0.002584      -0.000203
      11.351973      -0.002476      -0.000364
      11.382002      -0.002239      -0.000548
      11.412031      -0.001840      -0.000556
      11.442060      -0.001517      -0.000223
      11.472089      -0.001596       0.000259
      11.502118      -0.002016       0.000500
      11.532147      -0.002501       0.000404
      11.562176      -0.002881      -0.000004
      11.592205      -0.002930      -0.000614
      11.622234      -0.002612      -0.001094
      11.652263      -0.002186      -0.001284
      11.682292      -0.001841      -0.001269
      11.712321      -0.001629      -0.001212
      11.742350      -0.001396      -0.001167
      11.772379      -0.001181      -0.000940
      11.802408      -0.001262      -0.000653
      11.832437      -0.001495      -0.000664
      11.862466      -0.001493      -0.000841
      11.892495      -0.001394      -0.000825
      11.922525      -0.001511      -0.000796
      11.952554      -0.001617      -0.001050
      11.982583      -0.001388      -0.001353
      12.012612      -0.001009      -0.001339
      12.042641      -0.000857      -0.001086
      12.072670      -0.000988      -0.000934
      12.102699      -0.001148      -0.001060
      12.132728      -0.001107      -0.001338
      12.162757      -0.000829      -0.001579
      12.192786      -0.000381      -0.001596
      12.222815      -0.000037      -0.001312
      12.252844       0.000047      -0.001003
      12.282873       0.000083      -0.000796
      12.312902       0.000120      -0.000540
      12.342931       0.000001      -0.000227
      12.372960      -0.000300      -0.000072
      12.402989      -0.000553      -0.000141
      12.433018      -0.000661      -0.000280
      12.463047      -0.000659      -0.000386
      12.493076      -0.000628      -0.000418
      12.523105      -0.000619      -0.000413
      12.553134      -0.000637      -0.000397
      12.583163      -0.000683      -0.000382
      12.613192      -0.000768      -0.000406
      12.643221      -0.000822      -0.000496
      12.673250      -0.000809      -0.000574
      12.703279      -0.000804      -0.000593
      12.733308      -0.000872      -0.000620
      12.763337      -0.000966      -0.000740
      12.793366      -0.001005      -0.000939
      12.823395      -0.000978      -0.001207
      12.853424      -0.000759      -0.001543
      12.883453      -0.000276      -0.001698
      12.913482       0.000181      -0.001478
      12.943512       0.000331      -0.001110
      12.973541       0.000281      -0.000867
      13.003570       0.000199      -0.000733
      13.033599       0.000084      -0.000680
      13.063628       0.000006      -0.000756
      13.093657       0.000088      -0.000873
      13.123686       0.000279      -0.000852
      13.153715       0.000387      -0.000677
      13.183744       0.000330      -0.000523
      13.213773       0.000253      -0.000495
      13.243802       0.000231      -0.000502
      13.273831       0.000236      -0.000522
      13.303860       0.000299      -0.000534
      13.333889       0.000373      -0.000473
      13.363918       0.000378      -0.000387
      13.393947       0.000360      -0.000365
      13.423976       0.000423      -0.000358
      13.454005       0.000510      -0.000227
      13.484034       0.000438      -0.000019
      13.514063       0.000198       0.000041
      13.544092       0.000029      -0.000137
      13.574121       0.000086      -0.000365
      13.604150       0.000291      -0.000488
      13.634179       0.000567      -0.000452
      13.664208       0.000781      -0.000220
      13.694237       0.000804       0.000087
      13.724266       0.000679       0.000318
      13.754295       0.000508       0.000445
      13.784324       0.000342       0.000482
      13.814353       0.000227       0.000457
      13.844382       0.000188       0.000425
      13.874411       0.000200       0.000478
      13.904440       0.000094       0.000613
      13.934469      -0.000123       0.000623
      13.964498      -0.000265       0.000512
      13.994528      -0.000319       0.000409
      14.024557      -0.000358       0.000337
      14.054586      -0.000404       0.000259
      14.084615      -0.000433       0.000142
      14.114644      -0.000377       0.000006
      14.144673      -0.000234      -0.000044
      14.174702      -0.000113       0.000043
      14.204731      -0.000132       0.000219
      14.234760      -0.000350       0.000299
      14.264789      -0.000557       0.000125
      14.294818      -0.000541      -0.000129
      14.324847      -0.000403      -0.000265
      14.354876      -0.000271      -0.000315
      14.384905      -0.000135      -0.000327
      14.414934      -0.000005      -0.000255
      14.444963       0.000020      -0.000129
      14.474992      -0.000043      -0.000082
      14.505021      -0.000067      -0.000119
      14.535050      -0.000028      -0.000143
      14.565079       0.000002      -0.000117
      14.595108      -0.000021      -0.000116
      14.625137      -0.000002      -0.000195
      14.655166       0.000145      -0.000241
      14.685195       0.000303      -0.000118
      14.715224       0.000298       0.000081
      14.745253       0.000171       0.000186
      14.775282       0.000033       0.000173
      14.805311      -0.000055       0.000062
      14.835340      -0.000028      -0.000105
      14.865369       0.000137      -0.000235
      14.895398       0.000397      -0.000244
      14.925427       0.000662      -0.000069
      14.955456       0.000781       0.000260
      14.985485       0.000701       0.000586
      15.015515       0.000507       0.000799
      15.045544       0.000296       0.000910
      15.075573       0.000091       0.000954
      15.105602      -0.000095       0.000942
      15.135631      -0.000258       0.000899
      15.165660      -0.000406       0.000806
      15.195689      -0.000480       0.000672
      15.225718      -0.000486       0.000582
      15.255747      -0.000504       0.000542
      15.285776      -0.000554       0.000488
      15.315805      -0.000572       0.000399
      15.345834      -0.000546       0.000339
      15.375863      -0.000531       0.000314
      15.405892      -0.000523       0.000292
      15.435921      -0.000516       0.000300
      15.465950      -0.000574       0.000326
      15.495979      -0.000689       0.000266
      15.526008      -0.000730       0.000096
      15.556037      -0.000624      -0.000047
      15.586066      -0.000483      -0.000049
      15.616095      -0.000443       0.000035
      15.646124      -0.000511       0.000064
      15.676153      -0.000568      -0.000011
      15.706182      -0.000545      -0.000113
      15.736211      -0.000469      -0.000184
      15.766240      -0.000370      -0.000197
      15.796269      -0.000316      -0.000159
      15.826298      -0.000305      -0.000156
      15.856327      -0.000251      -0.000177
      15.886356      -0.000173      -0.000140
      15.916385      -0.000153      -0.000059
      15.946414      -0.000192      -0.000015
      15.976443      -0.000232      -0.000020
      16.006472      -0.000250      -0.000063
      16.036502      -0.000208      -0.000122
      16.066531      -0.000118      -0.000123
      16.096560      -0.000054      -0.000063
      16.126589      -0.000033       0.000010
      16.156618      -0.000043       0.000093
      16.186647      -0.000133       0.000161
      16.216676      -0.000252       0.000093
      16.246705      -0.000214      -0.000061
      16.276734      -0.000035      -0.000092
      16.306763       0.000097       0.000057
      16.336792       0.000056       0.000248
      16.366821      -0.000088       0.000319
      16.396850      -0.000183       0.000277
      16.426879      -0.000192       0.000241
      16.456908      -0.000200       0.000262
      16.486937      -0.000257       0.000275
      16.516966      -0.000310       0.000237
      16.546995      -0.000325       0.000186
      16.577024      -0.000312       0.000139
      16.607053      -0.000267       0.000123
      16.637082      -0.000243       0.000149
      16.667111      -0.000244       0.000166
      16.697140      -0.000241       0.000186
      16.727169      -0.000260       0.000213
      16.757198      -0.000284       0.000219
      16.787227      -0.000304       0.000227
      16.817256      -0.000337       0.000221
      16.847285      -0.000345       0.000192
      16.877314      -0.000314       0.000191
      16.907343      -0.000301       0.000249
      16.937372      -0.000354       0.000323
      16.967401      -0.000466       0.000357
      16.997430      -0.000598       0.000328
      17.027459      -0.000726       0.000225
      17.057488      -0.000793       0.000042
      17.087518      -0.000747      -0.000167
      17.117547      -0.000583      -0.000323
      17.147576      -0.000353      -0.000345
      17.177605      -0.000191      -0.000211
      17.207634      -0.000185      -0.000058
      17.237663      -0.000245       0.000005
      17.267692      -0.000285       0.000007
      17.297721      -0.000277      -0.000010
      17.327750      -0.000230       0.000033
      17.357779      -0.000269       0.000145
      17.387808      -0.000426       0.000169
      17.417837      -0.000537       0.000034
      17.447866      -0.000488      -0.000129
      17.477895      -0.000341      -0.000182
      17.507924      -0.000224      -0.000097
      17.537953      -0.000238       0.000047
      17.567982      -0.000388       0.000117
      17.598011      -0.000569       0.000005
      17.628040      -0.000589      -0.000269
      17.658069      -0.000360      -0.000488
      17.688098      -0.000023      -0.000487
      17.718127       0.000244      -0.000259
      17.748156       0.000298       0.000089
      17.778185       0.000135       0.000354
      17.808214      -0.000088       0.000453
      17.838243      -0.000274       0.000447
      17.868272      -0.000411       0.000383
      17.898301      -0.000484       0.000291
      17.928330      -0.000503       0.000223
      17.958359      -0.000510       0.000190
      17.988388      -0.000532       0.000187
      18.018417      -0.000603       0.000185
      18.048446      -0.000707       0.000121
      18.078475      -0.000781      -0.000021
      18.108505      -0.000765      -0.000214
      18.138534      -0.000612      -0.000366
      18.168563      -0.000424      -0.000355
      18.198592      -0.000372      -0.000254
      18.228621      -0.000431      -0.000258
      18.258650      -0.000393      -0.000399
      18.288679      -0.000168      -0.000475
      18.318708       0.000083      -0.000324
      18.348737       0.000145      -0.000037
      18.378766       0.000027       0.000176
      18.408795      -0.000121       0.000271
      18.438824      -0.000259       0.000325
      18.468853      -0.000415       0.000335
      18.498882      -0.000562       0.000289
      18.528911      -0.000691       0.000200
      18.558940      -0.000788       0.000065
      18.588969      -0.000836      -0.000099
      18.618998      -0.000827      -0.000288
      18.649027      -0.000728      -0.000474
      18.679056      -0.000551      -0.000593
      18.709085      -0.000348      -0.000619
      18.739114      -0.000168      -0.000548
      18.769143      -0.000080      -0.000414
      18.799172      -0.000084      -0.000316
      18.829201      -0.000103      -0.000292
      18.859230      -0.000067      -0.000308
      18.889259       0.000028      -0.000277
      18.919288       0.000089      -0.000175
      18.949317       0.000095      -0.000085
      18.979346       0.000111      -0.000007
      19.009375       0.000108       0.000111
      19.039404       0.000030       0.000218
      19.069433      -0.000071       0.000247
      19.099462      -0.000129       0.000215
      19.129491      -0.000099       0.000166
      19.159521       0.000032       0.000199
      19.189550       0.000156       0.000412
      19.219579       0.000097       0.000751
      19.249608      -0.000180       0.001023
      19.279637      -0.000556       0.001122
      19.309666      -0.000912       0.001055
      19.339695      -0.001180       0.000886
      19.369724      -0.001346       0.000684
      19.399753      -0.001434       0.000525
      19.429782      -0.001547       0.000429
      19.459811      -0.001742       0.000293
      19.489840      -0.001937       0.000016
      19.519869      -0.001988      -0.000367
      19.549898      -0.001859      -0.000706
      19.579927      -0.001658      -0.000888
      19.609956      -0.001550      -0.000961
      19.639985      -0.001531      -0.001111
      19.670014      -0.001416      -0.001356
      19.700043      -0.001174      -0.001533
      19.730072      -0.000907      -0.001602
      19.760101      -0.000646      -0.001580
      19.790130      -0.000440      -0.001459
      19.820159      -0.000341      -0.001294
      19.850188      -0.000345      -0.001134
      19.880217      -0.000460      -0.001029
      19.910246      -0.000646      -0.001057
      19.940275      -0.000810      -0.001262
      19.970304      -0.000813      -0.001611
      20.000333      -0.000581      -0.001950
      20.030362      -0.000187      -0.002128
      20.060391       0.000223      -0.002090
      20.090420       0.000522      -0.001911
      20.120449       0.000697      -0.001688
      20.150478       0.000749      -0.001485
      20.180508       0.000742      -0.001393
      20.210537       0.000813      -0.001373
      20.240566       0.000941      -0.001284
      20.270595       0.001009      -0.001141
      20.300624       0.001025      -0.001020
      20.330653       0.001002      -0.000930
      20.360682       0.000956      -0.000925
      20.390711       0.000987      -0.001027
      20.420740       0.001199      -0.001146
      20.450769       0.001586      -0.001101
      20.480798       0.001953      -0.000771
      20.510827       0.002094      -0.000285
      20.540856       0.002034       0.000179
      20.570885       0.001829       0.000577
      20.600914       0.001522       0.000847
      20.630943       0.001197       0.000982
      20.660972       0.000905       0.001001
      20.691001       0.000705       0.000961
      20.721030       0.000567       0.000950
      20.751059       0.000404       0.000972
      20.781088       0.000191       0.000949
      20.811117      -0.000003       0.000835
      20.841146      -0.000122       0.000678
      20.871175      -0.000180       0.000518
      20.901204      -0.000175       0.000365
      20.931233      -0.000117       0.000259
      20.961262      -0.000039       0.000205
      20.991291       0.000047       0.000211
      21.021320       0.000086       0.000290
      21.051349       0.000028       0.000369
      21.081378      -0.000067       0.000373
      21.111407      -0.000135       0.000330
      21.141436      -0.000174       0.000273
      21.171465      -0.000182       0.000220
      21.201494      -0.000185       0.000188
      21.231524      -0.000193       0.000154
      21.261553      -0.000184       0.000117
      21.291582      -0.000168       0.000101
      21.321611      -0.000159       0.000095
      21.351640      -0.000154       0.000100
      21.381669      -0.000172       0.000121
      21.411698      -0.000233       0.000124
      21.441727      -0.000302       0.000066
      21.471756      -0.000316      -0.000036
      21.501785      -0.000265      -0.000115
      21.531814      -0.000201      -0.000140
      21.561843      -0.000167      -0.000132
      21.591872      -0.000164      -0.000135
      21.621901      -0.000159      -0.000167
      21.651930      -0.000124      -0.000208
      21.681959      -0.000064      -0.000226
      21.711988      -0.000003      -0.000212
      21.742017       0.000040      -0.000174
      21.772046       0.000054      -0.000132
      21.802075       0.000056      -0.000107
      21.832104       0.000066      -0.000083
      21.862133       0.000068      -0.000045
      21.892162       0.000048      -0.000010
      21.922191       0.000018       0.000008
      21.952220      -0.000015       0.000013
      21.982249      -0.000044       0.000002
      22.012278      -0.000056      -0.000020
      22.042307      -0.000053      -0.000028
      22.072336      -0.000064      -0.000024
      22.102365      -0.000088      -0.000036
      22.132394      -0.000102      -0.000066
      22.162423      -0.000099      -0.000098
      22.192452      -0.000087      -0.000126
      22.222481      -0.000066      -0.000153
      22.252511      -0.000030      -0.000173
      22.282540       0.000016      -0.000172
      22.312569       0.000052      -0.000147
      22.342598       0.000069      -0.000111
      22.372627       0.000066      -0.000078
      22.402656       0.000050      -0.000057
      22.432685       0.000030      -0.000048
      22.462714       0.000005      -0.000052
      22.492743      -0.000007      -0.000080
      22.522772       0.000008      -0.000110
      22.552801       0.000046      -0.000124
      22.582830       0.000087      -0.000106
      22.612859       0.000104      -0.000065
      22.642888       0.000095      -0.000033
      22.672917       0.000079      -0.000017
      22.702946       0.000067      -0.000011
      22.732975       0.000062      -0.000007
      22.763004       0.000062       0.000000
      22.793033       0.000059       0.000016
      22.823062       0.000043       0.000035
      22.853091       0.000013       0.000042
      22.883120      -0.000013       0.000027
      22.913149      -0.000021       0.000004
      22.943178      -0.000018      -0.000013
      22.973207      -0.000009      -0.000025
      23.003236       0.000005      -0.000029
      23.033265       0.000018      -0.000024
      23.063294       0.000023      -0.000012
      23.093323       0.000020      -0.000003
      23.123352       0.000017       0.000001
      23.153381       0.000017       0.000008
      23.183410       0.000012       0.000017
      23.213439      -0.000000       0.000023
      23.243468      -0.000014       0.000019
      23.273497      -0.000017       0.000008
      23.303527      -0.000009       0.000004
      23.333556      -0.000005       0.000012
      23.363585      -0.000010       0.000021
      23.393614      -0.000017       0.000025
      23.423643      -0.000025       0.000030
      23.453672      -0.000038       0.000033
      23.483701      -0.000051       0.000030
      23.513730      -0.000063       0.000025
      23.543759      -0.000073       0.000019
      23.573788      -0.000085       0.000009
      23.603817      -0.000095      -0.000005
      23.633846      -0.000099      -0.000024
      23.663875      -0.000095      -0.000038
      23.693904      -0.000093      -0.000046
      23.723933      -0.000099      -0.000055
      23.753962      -0.000103      -0.000077
      23.783991      -0.000094      -0.000104
      23.814020      -0.000074      -0.000122
      23.844049      -0.000054      -0.000133
      23.874078      -0.000033      -0.000139
      23.904107      -0.000013      -0.000144
      23.934136       0.000011      -0.000147
      23.964165       0.000040      -0.000141
      23.994194       0.000065      -0.000122
      24.024223       0.000075      -0.000097
      24.054252       0.000075      -0.000079
      24.084281       0.000076      -0.000070
      24.114310       0.000084      -0.000059
      24.144339       0.000090      -0.000038
      24.174368       0.000082      -0.000015
      24.204397       0.000064      -0.000004
      24.234426       0.000051      -0.000006
      24.264455       0.000048      -0.000010
      24.294484       0.000049      -0.000012
      24.324514       0.000054      -0.000009
      24.354543       0.000059       0.000001
      24.384572       0.000054       0.000016
      24.414601       0.000041       0.000022
      24.444630       0.000031       0.000020
      24.474659       0.000028       0.000017
      24.504688       0.000026       0.000019
      24.534717       0.000021       0.000020
      24.564746       0.000015       0.000018
      24.594775       0.000013       0.000014
      24.624804       0.000012       0.000011
      24.654833       0.000011       0.000006
      24.684862       0.000016       0.000000
      24.714891       0.000026      -0.000000
      24.744920       0.000035       0.000007
      24.774949       0.000038       0.000019
      24.804978       0.000033       0.000031
      24.835007       0.000024       0.000036
      24.865036       0.000017       0.000038
      24.895065       0.000010       0.000036
      24.925094       0.000007       0.000031
      24.955123       0.000011       0.000028
      24.985152       0.000014       0.000033
      25.015181       0.000010       0.000039
      25.045210       0.000004       0.000038
      25.075239       0.000004       0.000035
      25.105268       0.000007       0.000035
      25.135297       0.000011       0.000041
      25.165326       0.000010       0.000052
      25.195355      -0.000000       0.000060
      25.225384      -0.000013       0.000061
      25.255413      -0.000021       0.000056
      25.285442      -0.000025       0.000051
      25.315471      -0.000028       0.000047
      25.345501      -0.000030       0.000042
      25.375530      -0.000029       0.000039
      25.405559      -0.000028       0.000037
      25.435588      -0.000028       0.000037
      25.465617      -0.000029       0.000037
      25.495646      -0.000029       0.000038
      25.525675      -0.000031       0.000038
      25.555704      -0.000033       0.000038
      25.585733      -0.000036       0.000037
      25.615762      -0.000038       0.000035
      25.645791      -0.000039       0.000033
      25.675820      -0.000038       0.000029
      25.705849      -0.000035       0.000029
      25.735878      -0.000034       0.000032
      25.765907      -0.000037       0.000034
      25.795936      -0.000041       0.000033
      25.825965      -0.000042       0.000030
      25.855994      -0.000041       0.000029
      25.886023      -0.000040       0.000030
      25.916052      -0.000042       0.000031
      25.946081      -0.000044       0.000031
      25.976110      -0.000045       0.000030
      26.006139      -0.000047       0.000029
      26.036168      -0.000048       0.000027
      26.066197      -0.000049       0.000025
      26.096226      -0.000048       0.000025
      26.126255      -0.000048       0.000025
      26.156284      -0.000049       0.000025
      26.186313      -0.000050       0.000024
      26.216342      -0.000050       0.000023
      26.246371      -0.000051       0.000024
      26.276400      -0.000052       0.000024
      26.306429      -0.000055       0.000023
      26.336458      -0.000057       0.000021
      26.366487      -0.000059       0.000018
      26.396517      -0.000058       0.000015
      26.426546      -0.000056       0.000013
      26.456575      -0.000055       0.000013
      26.486604      -0.000055       0.000013
      26.516633      -0.000056       0.000012
      26.546662      -0.000056       0.000011
      26.576691      -0.000057       0.000009
      26.606720      -0.000055       0.000006
      26.636749      -0.000053       0.000005
      26.666778      -0.000051       0.000006
      26.696807      -0.000051       0.000007
      26.726836      -0.000051       0.000007
      26.756865      -0.000050       0.000007
      26.786894      -0.000050       0.000008
      26.816923      -0.000051       0.000009
      26.846952      -0.000052       0.000008
      26.876981      -0.000052       0.000008
      26.907010      -0.000052       0.000007
      26.937039      -0.000052       0.000006
      26.967068      -0.000052       0.000006
      26.997097      -0.000053       0.000006
      27.027126      -0.000053       0.000004
      27.057155      -0.000052       0.000003
      27.087184      -0.000051       0.000003
      27.117213      -0.000051       0.000004
      27.147242      -0.000051       0.000004
      27.177271      -0.000051       0.000003
      27.207300      -0.000051       0.000003
      27.237329      -0.000050       0.000003
      27.267358      -0.000050       0.000003
      27.297387      -0.000051       0.000003
      27.327416      -0.000051       0.000002
      27.357445      -0.000051       0.000001
      27.387474      -0.000050       0.000001
      27.417504      -0.000049       0.000000
      27.447533      -0.000048       0.000001
      27.477562      -0.000048       0.000001
      27.507591      -0.000048       0.000001
      27.537620      -0.000048       0.000001
      27.567649      -0.000048       0.000001
      27.597678      -0.000048       0.000000
      27.627707      -0.000047      -0.000001
      27.657736      -0.000045      -0.000000
      27.687765      -0.000043       0.000002
      27.717794      -0.000044       0.000004
      27.747823      -0.000046       0.000006
      27.777852      -0.000048       0.000006
      27.807881      -0.000049       0.000005
      27.837910      -0.000049       0.000003
      27.867939      -0.000048       0.000002
      27.897968      -0.000048       0.000002
      27.927997      -0.000048       0.000002
      27.958026      -0.000048       0.000001
      27.988055      -0.000046      -0.000000
      28.018084      -0.000044       0.000001
      28.048113      -0.000043       0.000003
      28.078142      -0.000044       0.000006
      28.108171      -0.000045       0.000007
      28.138200      -0.000047       0.000006
      28.168229      -0.000048       0.000006
      28.198258      -0.000048       0.000005
      28.228287      -0.000048       0.000004
      28.258316      -0.000047       0.000004
      28.288345      -0.000046       0.000005
      28.318374      -0.000046       0.000006
      28.348403      -0.000047       0.000007
      28.378432      -0.000048       0.000008
      28.408461      -0.000049       0.000007
      28.438490      -0.000050       0.000007
      28.468520      -0.000050       0.000007
      28.498549      -0.000050       0.000007
      28.528578      -0.000051       0.000007
      28.558607      -0.000052       0.000006
      28.588636      -0.000052       0.000004
      28.618665      -0.000051       0.000003
      28.648694      -0.000049       0.000003
      28.678723      -0.000047       0.000004
      28.708752      -0.000047       0.000007
      28.738781      -0.000048       0.000010
      28.768810      -0.000050       0.000011
      28.798839      -0.000053       0.000010
      28.828868      -0.000054       0.000009
      28.858897      -0.000055       0.000007
      28.888926      -0.000054       0.000006
      28.918955      -0.000053       0.000005
      28.948984      -0.000052       0.000005
      28.979013      -0.000051       0.000006
      29.009042      -0.000050       0.000008
      29.039071      -0.000051       0.000010
      29.069100      -0.000053       0.000011
      29.099129      -0.000055       0.000011
      29.129158      -0.000056       0.000010
      29.159187      -0.000057       0.000009
      29.189216      -0.000058       0.000009
      29.219245      -0.000059       0.000008
      29.249274      -0.000059       0.000007
      29.279303      -0.000060       0.000006
      29.309332      -0.000059       0.000004
      29.339361      -0.000057       0.000004
      29.369390      -0.000056       0.000005
      29.399419      -0.000057       0.000006
      29.429448      -0.000058       0.000007
      29.459477      -0.000058       0.000006
      29.489507      -0.000059       0.000005
      29.519536      -0.000058       0.000005
      29.549565      -0.000058       0.000006
      29.579594      -0.000059       0.000007
      29.609623      -0.000060       0.000007
      29.639652      -0.000061       0.000006
      29.669681      -0.000062       0.000005
      29.699710      -0.000061       0.000005
      29.729739      -0.000061       0.000005
      29.759768      -0.000062       0.000005
      29.789797      -0.000062       0.000004
      29.819826      -0.000062       0.000004
      29.849855      -0.000062       0.000004
      29.879884      -0.000062       0.000004
      29.909913      -0.000063       0.000003
      29.939942      -0.000063       0.000003
      29.969971      -0.000063       0.000003
      30.000000      -0.000062       0.000002
