  # energy grid [eV]     epsr     epsi
       0.001000       6.548644       0.000031
       0.031029       6.548795       0.000977
       0.061058       6.549230       0.001924
       0.091087       6.549949       0.002871
       0.121116       6.550952       0.003819
       0.151145       6.552239       0.004770
       0.181174       6.553812       0.005722
       0.211203       6.555670       0.006677
       0.241232       6.557815       0.007635
       0.271261       6.560248       0.008596
       0.301290       6.562970       0.009562
       0.331319       6.565982       0.010531
       0.361348       6.569285       0.011506
       0.391377       6.572881       0.012485
       0.421406       6.576771       0.013471
       0.451435       6.580958       0.014463
       0.481464       6.585443       0.015461
       0.511493       6.590228       0.016466
       0.541523       6.595316       0.017480
       0.571552       6.600709       0.018501
       0.601581       6.606409       0.019531
       0.631610       6.612419       0.020571
       0.661639       6.618742       0.021620
       0.691668       6.625381       0.022680
       0.721697       6.632340       0.023750
       0.751726       6.639621       0.024832
       0.781755       6.647228       0.025927
       0.811784       6.655165       0.027034
       0.841813       6.663435       0.028155
       0.871842       6.672044       0.029289
       0.901871       6.680995       0.030439
       0.931900       6.690292       0.031604
       0.961929       6.699941       0.032786
       0.991958       6.709946       0.033984
       1.021987       6.720313       0.035201
       1.052016       6.731047       0.036436
       1.082045       6.742154       0.037690
       1.112074       6.753640       0.038966
       1.142103       6.765511       0.040262
       1.172132       6.777773       0.041581
       1.202161       6.790434       0.042923
       1.232190       6.803500       0.044289
       1.262219       6.816979       0.045681
       1.292248       6.830879       0.047100
       1.322277       6.845208       0.048546
       1.352306       6.859973       0.050022
       1.382335       6.875185       0.051528
       1.412364       6.890852       0.053065
       1.442393       6.906985       0.054636
       1.472422       6.923592       0.056241
       1.502451       6.940685       0.057883
       1.532480       6.958275       0.059562
       1.562510       6.976373       0.061281
       1.592539       6.994991       0.063042
       1.622568       7.014142       0.064846
       1.652597       7.033839       0.066695
       1.682626       7.054097       0.068592
       1.712655       7.074929       0.070539
       1.742684       7.096350       0.072538
       1.772713       7.118377       0.074592
       1.802742       7.141026       0.076703
       1.832771       7.164315       0.078875
       1.862800       7.188262       0.081110
       1.892829       7.212887       0.083411
       1.922858       7.238209       0.085783
       1.952887       7.264250       0.088228
       1.982916       7.291032       0.090751
       2.012945       7.318579       0.093355
       2.042974       7.346916       0.096045
       2.073003       7.376069       0.098826
       2.103032       7.406066       0.101703
       2.133061       7.436935       0.104680
       2.163090       7.468707       0.107765
       2.193119       7.501416       0.110963
       2.223148       7.535094       0.114281
       2.253177       7.569780       0.117726
       2.283206       7.605511       0.121305
       2.313235       7.642329       0.125029
       2.343264       7.680276       0.128904
       2.373293       7.719400       0.132942
       2.403322       7.759750       0.137153
       2.433351       7.801378       0.141548
       2.463380       7.844340       0.146141
       2.493409       7.888697       0.150945
       2.523438       7.934512       0.155976
       2.553467       7.981854       0.161250
       2.583496       8.030797       0.166785
       2.613526       8.081420       0.172602
       2.643555       8.133809       0.178724
       2.673584       8.188056       0.185174
       2.703613       8.244260       0.191981
       2.733642       8.302528       0.199175
       2.763671       8.362978       0.206791
       2.793700       8.425738       0.214867
       2.823729       8.490945       0.223448
       2.853758       8.558751       0.232581
       2.883787       8.629321       0.242323
       2.913816       8.702840       0.252739
       2.943845       8.779506       0.263902
       2.973874       8.859543       0.275896
       3.003903       8.943197       0.288822
       3.033932       9.030743       0.302795
       3.063961       9.122488       0.317952
       3.093990       9.218776       0.334456
       3.124019       9.319995       0.352505
       3.154048       9.426586       0.372338
       3.184077       9.539046       0.394250
       3.214106       9.657946       0.418613
       3.244135       9.783934       0.445898
       3.274164       9.917747       0.476719
       3.304193      10.060212       0.511889
       3.334222      10.212230       0.552505
       3.364251      10.374699       0.600067
       3.394280      10.548328       0.656598
       3.424309      10.733250       0.724602
       3.454338      10.928637       0.806465
       3.484367      11.133579       0.903280
       3.514396      11.349867       1.016302
       3.544425      11.579685       1.152726
       3.574454      11.815648       1.323326
       3.604483      12.039979       1.527999
       3.634513      12.243110       1.746567
       3.664542      12.444760       1.960823
       3.694571      12.670529       2.183921
       3.724600      12.925984       2.441104
       3.754629      13.205260       2.759614
       3.784658      13.482425       3.166917
       3.814687      13.713640       3.673149
       3.844716      13.844596       4.262104
       3.874745      13.834343       4.868371
       3.904774      13.718822       5.410073
       3.934803      13.579114       5.887617
       3.964832      13.424392       6.360773
       3.994861      13.200877       6.828613
       4.024890      12.911833       7.222304
       4.054919      12.638793       7.529651
       4.084948      12.412714       7.824636
       4.114977      12.183105       8.145055
       4.145006      11.919010       8.465750
       4.175035      11.630330       8.773486
       4.205064      11.304412       9.080970
       4.235093      10.906777       9.353255
       4.265122      10.476193       9.528224
       4.295151      10.088160       9.632096
       4.325180       9.725599       9.736011
       4.355209       9.323520       9.821264
       4.385238       8.889681       9.822192
       4.415267       8.478582       9.704648
       4.445296       8.170706       9.475840
       4.475325       8.025466       9.216745
       4.505354       8.019268       9.016392
       4.535383       8.102103       8.913226
       4.565412       8.234765       8.927451
       4.595441       8.367241       9.083104
       4.625470       8.411218       9.371649
       4.655499       8.300531       9.695346
       4.685529       8.092681       9.937240
       4.715558       7.918093      10.107554
       4.745587       7.800088      10.339634
       4.775616       7.599735      10.695119
       4.805645       7.197641      11.050139
       4.835674       6.656759      11.236847
       4.865703       6.137146      11.227011
       4.895732       5.734446      11.108526
       4.925761       5.453229      10.975687
       4.955790       5.264506      10.890371
       4.985819       5.107371      10.905605
       5.015848       4.880504      11.003316
       5.045877       4.551588      11.089931
       5.075906       4.163398      11.105472
       5.105935       3.765532      11.035158
       5.135964       3.401068      10.885812
       5.165993       3.112496      10.685887
       5.196022       2.915218      10.503824
       5.226051       2.750580      10.402030
       5.256080       2.524806      10.356841
       5.286109       2.220035      10.262954
       5.316138       1.937055      10.065804
       5.346167       1.761182       9.847511
       5.376196       1.643975       9.720769
       5.406225       1.453027       9.683963
       5.436254       1.137600       9.605438
       5.466283       0.799067       9.392453
       5.496312       0.543359       9.093892
       5.526341       0.372103       8.795646
       5.556370       0.235385       8.524635
       5.586399       0.107406       8.258216
       5.616428       0.000918       7.978800
       5.646457      -0.065408       7.694526
       5.676486      -0.086021       7.430786
       5.706516      -0.083893       7.215176
       5.736545      -0.104175       7.043042
       5.766574      -0.170512       6.866844
       5.796603      -0.250306       6.634505
       5.826632      -0.272228       6.349179
       5.856661      -0.201385       6.082347
       5.886690      -0.085049       5.902861
       5.916719      -0.005168       5.804076
       5.946748       0.007998       5.718764
       5.976777      -0.010037       5.601093
       6.006806      -0.020030       5.457497
       6.036835      -0.013942       5.311931
       6.066864      -0.004637       5.174180
       6.096893       0.000757       5.036038
       6.126922       0.008278       4.892555
       6.156951       0.019853       4.749644
       6.186980       0.023447       4.603663
       6.217009       0.026516       4.428533
       6.247038       0.070685       4.226084
       6.277067       0.170480       4.043560
       6.307096       0.289610       3.913010
       6.337125       0.390286       3.820225
       6.367154       0.467213       3.738060
       6.397183       0.528008       3.654708
       6.427212       0.578168       3.561246
       6.457241       0.633730       3.452117
       6.487270       0.708277       3.341890
       6.517299       0.793101       3.246984
       6.547328       0.872706       3.164691
       6.577357       0.945980       3.083010
       6.607386       1.020170       2.999375
       6.637415       1.097626       2.917153
       6.667444       1.177113       2.838073
       6.697473       1.256385       2.763417
       6.727503       1.327905       2.689446
       6.757532       1.394767       2.598475
       6.787561       1.482951       2.487488
       6.817590       1.605851       2.380988
       6.847619       1.751838       2.300246
       6.877648       1.900901       2.249855
       6.907677       2.039785       2.218949
       6.937706       2.171023       2.196881
       6.967735       2.297776       2.185459
       6.997764       2.413550       2.184444
       7.027793       2.515719       2.185295
       7.057822       2.607848       2.181577
       7.087851       2.695418       2.168931
       7.117880       2.786678       2.147593
       7.147909       2.885227       2.124086
       7.177938       2.986824       2.101092
       7.207967       3.090851       2.072612
       7.237996       3.205993       2.035498
       7.268025       3.341684       1.994329
       7.298054       3.505345       1.959776
       7.328083       3.696626       1.949239
       7.358112       3.901230       1.978054
       7.388141       4.097075       2.046931
       7.418170       4.270121       2.142493
       7.448199       4.418816       2.250828
       7.478228       4.545389       2.364104
       7.508257       4.650587       2.473646
       7.538286       4.743519       2.568619
       7.568315       4.839069       2.649702
       7.598344       4.943897       2.724426
       7.628373       5.062700       2.797683
       7.658402       5.199827       2.880944
       7.688431       5.346824       2.986571
       7.718460       5.489996       3.113191
       7.748489       5.627280       3.248132
       7.778519       5.775345       3.388094
       7.808548       5.944509       3.555670
       7.838577       6.117758       3.773161
       7.868606       6.271196       4.044587
       7.898635       6.383942       4.367477
       7.928664       6.425399       4.734739
       7.958693       6.357243       5.101917
       7.988722       6.198475       5.385901
       8.018751       6.038168       5.553969
       8.048780       5.951927       5.650673
       8.078809       5.967017       5.756846
       8.108838       6.040803       5.959773
       8.138867       6.066976       6.279722
       8.168896       5.971255       6.635806
       8.198925       5.790163       6.937575
       8.228954       5.589625       7.196317
       8.258983       5.345206       7.442400
       8.289012       5.036109       7.617222
       8.319041       4.736601       7.677027
       8.349070       4.515560       7.668401
       8.379099       4.382522       7.652839
       8.409128       4.320498       7.682444
       8.439157       4.278858       7.794505
       8.469186       4.190367       7.977996
       8.499215       4.018569       8.174261
       8.529244       3.786910       8.316593
       8.559273       3.570837       8.386772
       8.589302       3.427916       8.455567
       8.619331       3.303148       8.617830
       8.649360       3.074899       8.852526
       8.679389       2.713548       9.042879
       8.709418       2.287659       9.116026
       8.739447       1.873459       9.069226
       8.769476       1.528092       8.932699
       8.799506       1.290673       8.775975
       8.829535       1.117758       8.693642
       8.859564       0.890476       8.690755
       8.889593       0.545431       8.652501
       8.919622       0.169434       8.460315
       8.949651      -0.087641       8.151971
       8.979680      -0.207491       7.868277
       9.009709      -0.286699       7.667774
       9.039738      -0.397615       7.509215
       9.069767      -0.545428       7.324479
       9.099796      -0.674724       7.073076
       9.129825      -0.716940       6.787630
       9.159854      -0.671180       6.551581
       9.189883      -0.613376       6.397365
       9.219912      -0.588768       6.272118
       9.249941      -0.563918       6.138807
       9.279970      -0.515443       6.023429
       9.309999      -0.464474       5.944901
       9.340028      -0.431973       5.895332
       9.370057      -0.429153       5.856596
       9.400086      -0.447978       5.803770
       9.430115      -0.459617       5.736086
       9.460144      -0.461481       5.682873
       9.490173      -0.486588       5.648229
       9.520202      -0.551309       5.594989
       9.550231      -0.623797       5.483215
       9.580260      -0.642915       5.323758
       9.610289      -0.588399       5.180460
       9.640318      -0.504459       5.100024
       9.670347      -0.446379       5.069367
       9.700376      -0.429062       5.044905
       9.730405      -0.433211       4.994865
       9.760434      -0.423786       4.911742
       9.790463      -0.370893       4.817941
       9.820492      -0.269867       4.755480
       9.850522      -0.158519       4.759119
       9.880551      -0.088184       4.810083
       9.910580      -0.060461       4.861921
       9.940609      -0.047487       4.905094
       9.970638      -0.044035       4.948895
      10.000667      -0.045745       4.991803
      10.030696      -0.043540       5.050850
      10.060725      -0.064856       5.152902
      10.090754      -0.166204       5.275484
      10.120783      -0.355079       5.339053
      10.150812      -0.558136       5.293662
      10.180841      -0.698799       5.176997
      10.210870      -0.774185       5.060581
      10.240899      -0.830888       4.969532
      10.270928      -0.898624       4.879682
      10.300957      -0.966305       4.757715
      10.330986      -0.991676       4.599960
      10.361015      -0.947053       4.450100
      10.391044      -0.857171       4.357395
      10.421073      -0.769963       4.329121
      10.451102      -0.714681       4.346000
      10.481131      -0.707888       4.383351
      10.511160      -0.750203       4.408038
      10.541189      -0.820419       4.395565
      10.571218      -0.889992       4.339827
      10.601247      -0.930893       4.252832
      10.631276      -0.931700       4.167322
      10.661305      -0.914248       4.111775
      10.691334      -0.913890       4.081414
      10.721363      -0.940551       4.042685
      10.751392      -0.969919       3.976966
      10.781421      -0.982556       3.893963
      10.811450      -0.974959       3.804983
      10.841479      -0.945532       3.715171
      10.871509      -0.885324       3.633046
      10.901538      -0.794085       3.586956
      10.931567      -0.705519       3.599633
      10.961596      -0.662444       3.656179
      10.991625      -0.682302       3.714695
      11.021654      -0.748851       3.735342
      11.051683      -0.826119       3.700490
      11.081712      -0.877866       3.620763
      11.111741      -0.888627       3.524830
      11.141770      -0.863479       3.436907
      11.171799      -0.816284       3.370655
      11.201828      -0.762233       3.328725
      11.231857      -0.712358       3.306859
      11.261886      -0.672387       3.297194
      11.291915      -0.641668       3.292625
      11.321944      -0.617441       3.290937
      11.351973      -0.599818       3.290925
      11.382002      -0.585198       3.289634
      11.412031      -0.569306       3.294384
      11.442060      -0.564780       3.312757
      11.472089      -0.587399       3.330151
      11.502118      -0.629262       3.321386
      11.532147      -0.661502       3.280225
      11.562176      -0.664805       3.230942
      11.592205      -0.654307       3.197240
      11.622234      -0.650005       3.171862
      11.652263      -0.648791       3.140603
      11.682292      -0.640666       3.104138
      11.712321      -0.623216       3.068707
      11.742350      -0.597395       3.039493
      11.772379      -0.568287       3.021593
      11.802408      -0.545312       3.012971
      11.832437      -0.530484       3.002909
      11.862466      -0.514736       2.984877
      11.892495      -0.486048       2.962016
      11.922525      -0.434843       2.949687
      11.952554      -0.369968       2.975115
      11.982583      -0.331015       3.050101
      12.012612      -0.356145       3.140431
      12.042641      -0.436271       3.194444
      12.072670      -0.532088       3.190309
      12.102699      -0.605119       3.135117
      12.132728      -0.631367       3.060611
      12.162757      -0.621600       3.002706
      12.192786      -0.603757       2.968137
      12.222815      -0.588454       2.942603
      12.252844      -0.566679       2.920448
      12.282873      -0.534154       2.914928
      12.312902      -0.507011       2.938912
      12.342931      -0.510158       2.985187
      12.372960      -0.555152       3.026649
      12.402989      -0.628515       3.036615
      12.433018      -0.704328       3.008704
      12.463047      -0.767028       2.953645
      12.493076      -0.812654       2.878550
      12.523105      -0.832215       2.787636
      12.553134      -0.817058       2.697435
      12.583163      -0.776666       2.628603
      12.613192      -0.732207       2.584785
      12.643221      -0.694813       2.552817
      12.673250      -0.658112       2.522240
      12.703279      -0.614477       2.497301
      12.733308      -0.565874       2.484463
      12.763337      -0.516028       2.487541
      12.793366      -0.473001       2.510472
      12.823395      -0.449208       2.549587
      12.853424      -0.452233       2.591381
      12.883453      -0.476759       2.621015
      12.913482      -0.512453       2.633988
      12.943512      -0.552324       2.629285
      12.973541      -0.588884       2.608694
      13.003570      -0.619447       2.576313
      13.033599      -0.641068       2.531627
      13.063628      -0.645203       2.479151
      13.093657      -0.630942       2.431426
      13.123686      -0.606497       2.394627
      13.153715      -0.575889       2.367962
      13.183744      -0.539669       2.356397
      13.213773      -0.510688       2.367829
      13.243802      -0.509909       2.390402
      13.273831      -0.536086       2.395147
      13.303860      -0.563925       2.369674
      13.333889      -0.573051       2.325280
      13.363918      -0.558627       2.279993
      13.393947      -0.528133       2.247908
      13.423976      -0.494630       2.233570
      13.454005      -0.469708       2.231415
      13.484034      -0.455363       2.229864
      13.514063      -0.444217       2.223026
      13.544092      -0.430020       2.214042
      13.574121      -0.413628       2.208450
      13.604150      -0.401615       2.206024
      13.634179      -0.394345       2.195976
      13.664208      -0.375044       2.175098
      13.694237      -0.334303       2.163395
      13.724266      -0.288222       2.177080
      13.754295      -0.254251       2.209987
      13.784324      -0.234698       2.252396
      13.814353      -0.231284       2.302319
      13.844382      -0.250156       2.353504
      13.874411      -0.292695       2.393043
      13.904440      -0.348622       2.406187
      13.934469      -0.395859       2.392278
      13.964498      -0.422748       2.369646
      13.994528      -0.438002       2.354219
      14.024557      -0.455242       2.344687
      14.054586      -0.475487       2.331898
      14.084615      -0.492725       2.314733
      14.114644      -0.504799       2.298211
      14.144673      -0.516960       2.286943
      14.174702      -0.537008       2.275684
      14.204731      -0.561370       2.253203
      14.234760      -0.576045       2.219184
      14.264789      -0.575973       2.188011
      14.294818      -0.572502       2.167883
      14.324847      -0.573788       2.152645
      14.354876      -0.578550       2.136949
      14.384905      -0.585251       2.119193
      14.414934      -0.591637       2.097659
      14.444963      -0.594313       2.073514
      14.474992      -0.592305       2.049338
      14.505021      -0.584444       2.027858
      14.535050      -0.572541       2.015896
      14.565079      -0.568004       2.016410
      14.595108      -0.580474       2.018122
      14.625137      -0.604668       2.007252
      14.655166      -0.629004       1.980612
      14.685195      -0.644918       1.941710
      14.715224      -0.647111       1.898433
      14.745253      -0.638814       1.860127
      14.775282      -0.627847       1.827691
      14.805311      -0.616583       1.796424
      14.835340      -0.601491       1.763129
      14.865369      -0.576198       1.731081
      14.895398      -0.540855       1.711512
      14.925427      -0.508475       1.711628
      14.955456      -0.494105       1.723846
      14.985485      -0.501563       1.730744
      15.015515      -0.519184       1.717885
      15.045544      -0.529828       1.686268
      15.075573      -0.526026       1.646397
      15.105602      -0.507790       1.606409
      15.135631      -0.476986       1.572624
      15.165660      -0.437966       1.549732
      15.195689      -0.395812       1.540534
      15.225718      -0.358637       1.546295
      15.255747      -0.335348       1.559651
      15.285776      -0.323828       1.568653
      15.315805      -0.314857       1.570015
      15.345834      -0.302196       1.567497
      15.375863      -0.284274       1.567720
      15.405892      -0.265629       1.576987
      15.435921      -0.256333       1.595674
      15.465950      -0.263477       1.613209
      15.495979      -0.280990       1.617648
      15.526008      -0.297784       1.607971
      15.556037      -0.308302       1.589160
      15.586066      -0.311824       1.566291
      15.616095      -0.310957       1.540159
      15.646124      -0.302435       1.507461
      15.676153      -0.278088       1.472789
      15.706182      -0.236810       1.447911
      15.736211      -0.186353       1.442932
      15.766240      -0.140274       1.461362
      15.796269      -0.112843       1.496923
      15.826298      -0.111752       1.533369
      15.856327      -0.128980       1.552003
      15.886356      -0.144696       1.548603
      15.916385      -0.146127       1.534982
      15.946414      -0.134189       1.525508
      15.976443      -0.119665       1.527238
      16.006472      -0.113251       1.534530
      16.036502      -0.113659       1.535799
      16.066531      -0.110142       1.528601
      16.096560      -0.095908       1.520449
      16.126589      -0.072080       1.522781
      16.156618      -0.052491       1.542835
      16.186647      -0.051215       1.568976
      16.216676      -0.062573       1.585473
      16.246705      -0.074846       1.592395
      16.276734      -0.086871       1.595571
      16.306763      -0.102067       1.593030
      16.336792      -0.115248       1.577767
      16.366821      -0.112779       1.553396
      16.396850      -0.090615       1.536857
      16.426879      -0.060945       1.542104
      16.456908      -0.043435       1.568889
      16.486937      -0.050388       1.600181
      16.516966      -0.073947       1.618385
      16.546995      -0.101418       1.622776
      16.577024      -0.131123       1.615765
      16.607053      -0.158636       1.591861
      16.637082      -0.170237       1.553399
      16.667111      -0.159655       1.515253
      16.697140      -0.134181       1.491165
      16.727169      -0.108365       1.484644
      16.757198      -0.093058       1.486039
      16.787227      -0.084671       1.482635
      16.817256      -0.071710       1.473466
      16.847285      -0.049635       1.467900
      16.877314      -0.024158       1.473707
      16.907343      -0.004379       1.491272
      16.937372       0.002997       1.514419
      16.967401      -0.002988       1.534294
      16.997430      -0.017838       1.542224
      17.027459      -0.029475       1.534071
      17.057488      -0.025989       1.518577
      17.087518      -0.008120       1.510248
      17.117547       0.013081       1.515977
      17.147576       0.027500       1.531360
      17.177605       0.033991       1.547670
      17.207634       0.038255       1.561384
      17.237663       0.044622       1.576202
      17.267692       0.050696       1.598387
      17.297721       0.047272       1.628271
      17.327750       0.029371       1.655896
      17.357779       0.003232       1.672246
      17.387808      -0.021782       1.676999
      17.417837      -0.039840       1.675764
      17.447866      -0.050951       1.676409
      17.477895      -0.061944       1.683949
      17.507924      -0.080895       1.694080
      17.537953      -0.106083       1.698259
      17.567982      -0.130762       1.697346
      17.598011      -0.158013       1.696113
      17.628040      -0.193491       1.687631
      17.658069      -0.229126       1.661873
      17.688098      -0.250513       1.622409
      17.718127      -0.253660       1.583554
      17.748156      -0.247908       1.554095
      17.778185      -0.241226       1.530098
      17.808214      -0.231380       1.507346
      17.838243      -0.216440       1.489623
      17.868272      -0.201935       1.479017
      17.898301      -0.190142       1.469055
      17.928330      -0.172768       1.458542
      17.958359      -0.148738       1.459070
      17.988388      -0.131758       1.475246
      18.018417      -0.132472       1.495860
      18.048446      -0.146749       1.506277
      18.078475      -0.161630       1.503129
      18.108505      -0.170220       1.492616
      18.138534      -0.171026       1.480403
      18.168563      -0.166219       1.472424
      18.198592      -0.161840       1.469436
      18.228621      -0.159756       1.467500
      18.258650      -0.157570       1.465222
      18.288679      -0.155005       1.465138
      18.318708      -0.155661       1.466568
      18.348737      -0.158322       1.465316
      18.378766      -0.159212       1.463070
      18.408795      -0.161144       1.462739
      18.438824      -0.166601       1.459375
      18.468853      -0.168100       1.450175
      18.498882      -0.162114       1.444262
      18.528911      -0.157932       1.445879
      18.558940      -0.160399       1.446193
      18.588969      -0.160754       1.439385
      18.618998      -0.151132       1.433920
      18.649027      -0.137409       1.440329
      18.679056      -0.130953       1.458686
      18.709085      -0.138888       1.481155
      18.739114      -0.160637       1.497231
      18.769143      -0.188822       1.500832
      18.799172      -0.215788       1.492263
      18.829201      -0.236403       1.475262
      18.859230      -0.248910       1.455947
      18.889259      -0.258082       1.439484
      18.919288      -0.270722       1.421520
      18.949317      -0.282334       1.393070
      18.979346      -0.281457       1.355988
      19.009375      -0.263509       1.321078
      19.039404      -0.233269       1.299185
      19.069433      -0.202575       1.294341
      19.099462      -0.181696       1.299756
      19.129491      -0.170895       1.304487
      19.159521      -0.162724       1.303695
      19.189550      -0.151567       1.300416
      19.219579      -0.137269       1.298444
      19.249608      -0.120595       1.299352
      19.279637      -0.102777       1.305587
      19.309666      -0.088501       1.317823
      19.339695      -0.081106       1.330852
      19.369724      -0.076183       1.339149
      19.399753      -0.067138       1.345912
      19.429782      -0.055764       1.357983
      19.459811      -0.048618       1.375550
      19.489840      -0.048300       1.393262
      19.519869      -0.051867       1.406847
      19.549898      -0.055293       1.416490
      19.579927      -0.057258       1.424309
      19.609956      -0.058167       1.431292
      19.639985      -0.058504       1.436726
      19.670014      -0.055642       1.438128
      19.700043      -0.041996       1.438523
      19.730072      -0.016615       1.450661
      19.760101       0.007052       1.482433
      19.790130       0.016474       1.525607
      19.820159       0.012560       1.569172
      19.850188       0.000334       1.610105
      19.880217      -0.018342       1.647967
      19.910246      -0.040534       1.681258
      19.940275      -0.062020       1.714128
      19.970304      -0.088388       1.753645
      20.000333      -0.131471       1.794742
      20.030362      -0.191751       1.820727
      20.060391      -0.252634       1.822208
      20.090420      -0.299061       1.808275
      20.120449      -0.329688       1.791153
      20.150478      -0.347095       1.777578
      20.180508      -0.354904       1.773914
      20.210537      -0.361500       1.783639
      20.240566      -0.374008       1.802295
      20.270595      -0.391538       1.824554
      20.300624      -0.410588       1.851736
      20.330653      -0.432911       1.890721
      20.360682      -0.470753       1.945640
      20.390711      -0.538992       2.005967
      20.420740      -0.638716       2.051715
      20.450769      -0.758170       2.069719
      20.480798      -0.883318       2.056264
      20.510827      -1.001959       2.015715
      20.540856      -1.111021       1.956192
      20.570885      -1.210943       1.877406
      20.600914      -1.294048       1.779174
      20.630943      -1.354069       1.668188
      20.660972      -1.387383       1.552573
      20.691001      -1.394716       1.444006
      20.721030      -1.384635       1.351262
      20.751059      -1.367964       1.275883
      20.781088      -1.352894       1.212726
      20.811117      -1.340215       1.154500
      20.841146      -1.326594       1.099156
      20.871175      -1.311310       1.048224
      20.901204      -1.296387       1.002474
      20.931233      -1.284452       0.959777
      20.961262      -1.274580       0.916277
      20.991291      -1.263848       0.871744
      21.021320      -1.252328       0.826899
      21.051349      -1.239171       0.779875
      21.081378      -1.220410       0.731218
      21.111407      -1.194687       0.685744
      21.141436      -1.165631       0.646683
      21.171465      -1.136740       0.612746
      21.201494      -1.108402       0.581703
      21.231524      -1.079722       0.552975
      21.261553      -1.050592       0.526882
      21.291582      -1.020852       0.503394
      21.321611      -0.990408       0.483629
      21.351640      -0.960979       0.468354
      21.381669      -0.934115       0.456653
      21.411698      -0.910557       0.447402
      21.441727      -0.890981       0.439071
      21.471756      -0.874713       0.429282
      21.501785      -0.859200       0.417200
      21.531814      -0.842858       0.404123
      21.561843      -0.825416       0.391140
      21.591872      -0.806560       0.379574
      21.621901      -0.787868       0.371497
      21.651930      -0.772849       0.366032
      21.681959      -0.762092       0.359410
      21.711988      -0.753232       0.349752
      21.742017      -0.744390       0.337048
      21.772046      -0.733792       0.321710
      21.802075      -0.720057       0.305637
      21.832104      -0.703951       0.290908
      21.862133      -0.686867       0.277942
      21.892162      -0.669663       0.266455
      21.922191      -0.652599       0.255702
      21.952220      -0.634969       0.245440
      21.982249      -0.616408       0.236588
      22.012278      -0.597832       0.230121
      22.042307      -0.580874       0.225764
      22.072336      -0.566295       0.221815
      22.102365      -0.553031       0.216797
      22.132394      -0.539616       0.210866
      22.162423      -0.525509       0.204952
      22.192452      -0.511056       0.199933
      22.222481      -0.497250       0.195810
      22.252511      -0.484183       0.191478
      22.282540      -0.470537       0.186814
      22.312569      -0.455899       0.183347
      22.342598      -0.441664       0.182125
      22.372627      -0.429409       0.182580
      22.402656      -0.419927       0.183433
      22.432685      -0.413262       0.182871
      22.462714      -0.407828       0.179183
      22.492743      -0.401015       0.172569
      22.522772      -0.391548       0.165185
      22.552801      -0.380317       0.158848
      22.582830      -0.368648       0.153616
      22.612859      -0.356629       0.148928
      22.642888      -0.343978       0.145148
      22.672917      -0.331167       0.142820
      22.702946      -0.318962       0.141960
      22.732975      -0.307901       0.142079
      22.763004      -0.298039       0.142776
      22.793033      -0.289826       0.143820
      22.823062      -0.283529       0.143898
      22.853091      -0.277735       0.141889
      22.883120      -0.270751       0.138397
      22.913149      -0.262015       0.134941
      22.943178      -0.252113       0.132778
      22.973207      -0.241970       0.132500
      23.003236      -0.232694       0.134442
      23.033265      -0.225896       0.138315
      23.063294      -0.223104       0.142482
      23.093323      -0.224471       0.144006
      23.123352      -0.227326       0.140054
      23.153381      -0.227165       0.131485
      23.183410      -0.222901       0.122345
      23.213439      -0.216725       0.114446
      23.243468      -0.209815       0.107200
      23.273497      -0.202052       0.100445
      23.303527      -0.193743       0.094643
      23.333556      -0.185793       0.089637
      23.363585      -0.178393       0.084320
      23.393614      -0.170477       0.078192
      23.423643      -0.161289       0.072023
      23.453672      -0.151046       0.066646
      23.483701      -0.140305       0.062401
      23.513730      -0.129583       0.059249
      23.543759      -0.119193       0.056917
      23.573788      -0.109160       0.055161
      23.603817      -0.099508       0.053934
      23.633846      -0.090372       0.053108
      23.663875      -0.081729       0.052476
      23.693904      -0.073508       0.052000
      23.723933      -0.065800       0.051623
      23.753962      -0.058623       0.051093
      23.783991      -0.051762       0.050180
      23.814020      -0.044871       0.048875
      23.844049      -0.037717       0.047438
      23.874078      -0.030380       0.046169
      23.904107      -0.023089       0.045120
      23.934136      -0.015922       0.044156
      23.964165      -0.008810       0.043235
      23.994194      -0.001756       0.042387
      24.024223       0.005244       0.041555
      24.054252       0.012303       0.040738
      24.084281       0.019500       0.040077
      24.114310       0.026761       0.039756
      24.144339       0.033886       0.039860
      24.174368       0.040658       0.040320
      24.204397       0.046958       0.040946
      24.234426       0.052828       0.041552
      24.264455       0.058342       0.042102
      24.294484       0.063424       0.042535
      24.324514       0.068086       0.042577
      24.354543       0.072657       0.042021
      24.384572       0.077518       0.041012
      24.414601       0.082790       0.039892
      24.444630       0.088317       0.038898
      24.474659       0.093943       0.038002
      24.504688       0.099739       0.037165
      24.534717       0.105752       0.036575
      24.564746       0.111768       0.036401
      24.594775       0.117533       0.036532
      24.624804       0.123040       0.036763
      24.654833       0.128382       0.037063
      24.684862       0.133555       0.037482
      24.714891       0.138472       0.038043
      24.744920       0.142982       0.038690
      24.774949       0.146942       0.039183
      24.804978       0.150477       0.039104
      24.835007       0.154109       0.038289
      24.865036       0.158233       0.037061
      24.895065       0.162876       0.035771
      24.925094       0.167988       0.034656
      24.955123       0.173415       0.033955
      24.985152       0.178881       0.033773
      25.015181       0.184122       0.034048
      25.045210       0.188952       0.034603
      25.075239       0.193323       0.035187
      25.105268       0.197344       0.035618
      25.135297       0.201140       0.035828
      25.165326       0.204815       0.035774
      25.195355       0.208521       0.035466
      25.225384       0.212354       0.035033
      25.255413       0.216273       0.034589
      25.285442       0.220206       0.034163
      25.315471       0.224094       0.033711
      25.345501       0.227970       0.033145
      25.375530       0.231961       0.032466
      25.405559       0.236127       0.031797
      25.435588       0.240421       0.031245
      25.465617       0.244767       0.030852
      25.495646       0.249089       0.030640
      25.525675       0.253280       0.030582
      25.555704       0.257282       0.030557
      25.585733       0.261171       0.030447
      25.615762       0.265082       0.030266
      25.645791       0.269048       0.030133
      25.675820       0.272999       0.030122
      25.705849       0.276838       0.030226
      25.735878       0.280519       0.030375
      25.765907       0.284067       0.030526
      25.795936       0.287469       0.030706
      25.825965       0.290610       0.030876
      25.855994       0.293446       0.030819
      25.886023       0.296192       0.030328
      25.916052       0.299155       0.029473
      25.946081       0.302471       0.028506
      25.976110       0.306048       0.027690
      26.006139       0.309629       0.027085
      26.036168       0.313070       0.026513
      26.066197       0.316466       0.025805
      26.096226       0.319987       0.024979
      26.126255       0.323679       0.024174
      26.156284       0.327477       0.023466
      26.186313       0.331338       0.022864
      26.216342       0.335240       0.022399
      26.246371       0.339112       0.022114
      26.276400       0.342823       0.021974
      26.306429       0.346309       0.021811
      26.336458       0.349708       0.021473
      26.366487       0.353190       0.021021
      26.396517       0.356766       0.020579
      26.426546       0.360388       0.020192
      26.456575       0.364021       0.019869
      26.486604       0.367635       0.019606
      26.516633       0.371212       0.019383
      26.546662       0.374758       0.019185
      26.576691       0.378263       0.019019
      26.606720       0.381705       0.018843
      26.636749       0.385147       0.018611
      26.666778       0.388669       0.018388
      26.696807       0.392231       0.018291
      26.726836       0.395706       0.018332
      26.756865       0.399019       0.018425
      26.786894       0.402174       0.018477
      26.816923       0.405211       0.018409
      26.846952       0.408231       0.018171
      26.876981       0.411352       0.017815
      26.907010       0.414591       0.017459
      26.937039       0.417877       0.017152
      26.967068       0.421175       0.016863
      26.997097       0.424515       0.016581
      27.027126       0.427916       0.016348
      27.057155       0.431344       0.016213
      27.087184       0.434739       0.016183
      27.117213       0.438064       0.016226
      27.147242       0.441307       0.016317
      27.177271       0.444446       0.016435
      27.207300       0.447472       0.016532
      27.237329       0.450404       0.016568
      27.267358       0.453255       0.016503
      27.297387       0.456088       0.016270
      27.327416       0.459046       0.015881
      27.357445       0.462210       0.015480
      27.387474       0.465512       0.015211
      27.417504       0.468822       0.015108
      27.447533       0.472046       0.015110
      27.477562       0.475169       0.015122
      27.507591       0.478261       0.015087
      27.537620       0.481384       0.015052
      27.567649       0.484503       0.015073
      27.597678       0.487576       0.015124
      27.627707       0.490619       0.015180
      27.657736       0.493635       0.015260
      27.687765       0.496589       0.015352
      27.717794       0.499491       0.015407
      27.747823       0.502389       0.015422
      27.777852       0.505287       0.015422
      27.807881       0.508191       0.015401
      27.837910       0.511121       0.015381
      27.867939       0.514056       0.015384
      27.897968       0.516990       0.015389
      27.927997       0.519963       0.015410
      27.958026       0.522971       0.015524
      27.988055       0.525921       0.015778
      28.018084       0.528696       0.016130
      28.048113       0.531229       0.016446
      28.078142       0.533570       0.016556
      28.108171       0.535898       0.016366
      28.138200       0.538413       0.015947
      28.168229       0.541192       0.015488
      28.198258       0.544155       0.015149
      28.228287       0.547168       0.014968
      28.258316       0.550139       0.014896
      28.288345       0.553053       0.014863
      28.318374       0.555929       0.014838
      28.348403       0.558777       0.014805
      28.378432       0.561626       0.014746
      28.408461       0.564518       0.014684
      28.438490       0.567445       0.014685
      28.468520       0.570326       0.014764
      28.498549       0.573116       0.014840
      28.528578       0.575886       0.014843
      28.558607       0.578717       0.014821
      28.588636       0.581591       0.014864
      28.618665       0.584416       0.014980
      28.648694       0.587169       0.015095
      28.678723       0.589890       0.015184
      28.708752       0.592579       0.015265
      28.738781       0.595220       0.015298
      28.768810       0.597873       0.015244
      28.798839       0.600606       0.015146
      28.828868       0.603415       0.015077
      28.858897       0.606262       0.015071
      28.888926       0.609106       0.015146
      28.918955       0.611878       0.015289
      28.948984       0.614546       0.015412
      28.979013       0.617172       0.015448
      29.009042       0.619837       0.015409
      29.039071       0.622581       0.015352
      29.069100       0.625392       0.015351
      29.099129       0.628194       0.015446
      29.129158       0.630917       0.015593
      29.159187       0.633558       0.015734
      29.189216       0.636124       0.015831
      29.219245       0.638644       0.015839
      29.249274       0.641178       0.015742
      29.279303       0.643782       0.015565
      29.309332       0.646493       0.015365
      29.339361       0.649287       0.015220
      29.369390       0.652089       0.015149
      29.399419       0.654855       0.015108
      29.429448       0.657596       0.015058
      29.459477       0.660332       0.014997
      29.489507       0.663052       0.014928
      29.519536       0.665748       0.014827
      29.549565       0.668435       0.014652
      29.579594       0.671179       0.014386
      29.609623       0.674038       0.014080
      29.639652       0.677012       0.013794
      29.669681       0.680077       0.013574
      29.699710       0.683192       0.013448
      29.729739       0.686308       0.013414
      29.759768       0.689386       0.013445
      29.789797       0.692419       0.013497
      29.819826       0.695428       0.013544
      29.849855       0.698434       0.013580
      29.879884       0.701458       0.013609
      29.909913       0.704508       0.013662
      29.939942       0.707554       0.013751
      29.969971       0.710576       0.013850
      30.000000       0.713595       0.013935
