  # energy grid [eV]     epsr     epsi
       0.001000       6.548643       0.000031
       0.031029       6.548794       0.000977
       0.061058       6.549229       0.001924
       0.091087       6.549948       0.002871
       0.121116       6.550950       0.003819
       0.151145       6.552238       0.004770
       0.181174       6.553811       0.005722
       0.211203       6.555669       0.006677
       0.241232       6.557814       0.007635
       0.271261       6.560247       0.008596
       0.301290       6.562969       0.009562
       0.331319       6.565980       0.010531
       0.361348       6.569283       0.011506
       0.391377       6.572879       0.012485
       0.421406       6.576770       0.013471
       0.451435       6.580957       0.014463
       0.481464       6.585441       0.015461
       0.511493       6.590227       0.016466
       0.541523       6.595315       0.017480
       0.571552       6.600707       0.018501
       0.601581       6.606407       0.019531
       0.631610       6.612418       0.020571
       0.661639       6.618741       0.021620
       0.691668       6.625380       0.022680
       0.721697       6.632339       0.023750
       0.751726       6.639620       0.024832
       0.781755       6.647227       0.025927
       0.811784       6.655163       0.027034
       0.841813       6.663434       0.028155
       0.871842       6.672043       0.029289
       0.901871       6.680993       0.030439
       0.931900       6.690291       0.031604
       0.961929       6.699940       0.032786
       0.991958       6.709945       0.033984
       1.021987       6.720312       0.035201
       1.052016       6.731046       0.036436
       1.082045       6.742153       0.037690
       1.112074       6.753639       0.038965
       1.142103       6.765510       0.040262
       1.172132       6.777772       0.041581
       1.202161       6.790433       0.042923
       1.232190       6.803499       0.044289
       1.262219       6.816978       0.045681
       1.292248       6.830877       0.047100
       1.322277       6.845206       0.048546
       1.352306       6.859972       0.050022
       1.382335       6.875184       0.051527
       1.412364       6.890851       0.053065
       1.442393       6.906983       0.054636
       1.472422       6.923590       0.056241
       1.502451       6.940683       0.057883
       1.532480       6.958273       0.059562
       1.562510       6.976371       0.061281
       1.592539       6.994989       0.063042
       1.622568       7.014140       0.064846
       1.652597       7.033838       0.066695
       1.682626       7.054095       0.068592
       1.712655       7.074927       0.070539
       1.742684       7.096348       0.072538
       1.772713       7.118375       0.074592
       1.802742       7.141024       0.076703
       1.832771       7.164313       0.078875
       1.862800       7.188260       0.081110
       1.892829       7.212885       0.083411
       1.922858       7.238207       0.085783
       1.952887       7.264248       0.088228
       1.982916       7.291030       0.090750
       2.012945       7.318577       0.093355
       2.042974       7.346914       0.096045
       2.073003       7.376067       0.098826
       2.103032       7.406063       0.101702
       2.133061       7.436932       0.104680
       2.163090       7.468705       0.107765
       2.193119       7.501413       0.110963
       2.223148       7.535092       0.114281
       2.253177       7.569777       0.117725
       2.283206       7.605508       0.121305
       2.313235       7.642326       0.125028
       2.343264       7.680273       0.128904
       2.373293       7.719397       0.132942
       2.403322       7.759747       0.137152
       2.433351       7.801375       0.141548
       2.463380       7.844337       0.146141
       2.493409       7.888693       0.150945
       2.523438       7.934508       0.155975
       2.553467       7.981850       0.161249
       2.583496       8.030793       0.166785
       2.613526       8.081417       0.172602
       2.643555       8.133805       0.178723
       2.673584       8.188052       0.185174
       2.703613       8.244255       0.191981
       2.733642       8.302524       0.199175
       2.763671       8.362974       0.206791
       2.793700       8.425733       0.214867
       2.823729       8.490940       0.223447
       2.853758       8.558746       0.232580
       2.883787       8.629316       0.242322
       2.913816       8.702834       0.252738
       2.943845       8.779500       0.263901
       2.973874       8.859537       0.275895
       3.003903       8.943191       0.288821
       3.033932       9.030737       0.302794
       3.063961       9.122481       0.317951
       3.093990       9.218769       0.334455
       3.124019       9.319988       0.352504
       3.154048       9.426578       0.372337
       3.184077       9.539038       0.394249
       3.214106       9.657938       0.418611
       3.244135       9.783925       0.445896
       3.274164       9.917737       0.476717
       3.304193      10.060202       0.511886
       3.334222      10.212219       0.552502
       3.364251      10.374687       0.600064
       3.394280      10.548315       0.656594
       3.424309      10.733236       0.724598
       3.454338      10.928622       0.806460
       3.484367      11.133562       0.903274
       3.514396      11.349849       1.016294
       3.544425      11.579666       1.152715
       3.574454      11.815629       1.323311
       3.604483      12.039960       1.527981
       3.634513      12.243093       1.746546
       3.664542      12.444745       1.960799
       3.694571      12.670516       2.183894
       3.724600      12.925973       2.441075
       3.754629      13.205252       2.759582
       3.784658      13.482423       3.166883
       3.814687      13.713643       3.673116
       3.844716      13.844603       4.262071
       3.874745      13.834355       4.868340
       3.904774      13.718837       5.410045
       3.934803      13.579132       5.887594
       3.964832      13.424411       6.360754
       3.994861      13.200896       6.828600
       4.024890      12.911849       7.222295
       4.054919      12.638804       7.529643
       4.084948      12.412721       7.824625
       4.114977      12.183113       8.145039
       4.145006      11.919024       8.465732
       4.175035      11.630350       8.773471
       4.205064      11.304432       9.080962
       4.235093      10.906794       9.353251
       4.265122      10.476207       9.528221
       4.295151      10.088171       9.632093
       4.325180       9.725607       9.736006
       4.355209       9.323530       9.821256
       4.385238       8.889694       9.822185
       4.415267       8.478596       9.704646
       4.445296       8.170717       9.475840
       4.475325       8.025474       9.216744
       4.505354       8.019274       9.016388
       4.535383       8.102110       8.913220
       4.565412       8.234774       8.927445
       4.595441       8.367250       9.083099
       4.625470       8.411227       9.371645
       4.655499       8.300540       9.695343
       4.685529       8.092690       9.937237
       4.715558       7.918101      10.107551
       4.745587       7.800097      10.339632
       4.775616       7.599744      10.695119
       4.805645       7.197647      11.050141
       4.835674       6.656761      11.236846
       4.865703       6.137147      11.227006
       4.895732       5.734448      11.108518
       4.925761       5.453233      10.975678
       4.955790       5.264512      10.890360
       4.985819       5.107381      10.905592
       5.015848       4.880519      11.003305
       5.045877       4.551605      11.089925
       5.075906       4.163416      11.105470
       5.105935       3.765548      11.035160
       5.135964       3.401080      10.885816
       5.165993       3.112504      10.685890
       5.196022       2.915225      10.503825
       5.226051       2.750588      10.402029
       5.256080       2.524816      10.356841
       5.286109       2.220045      10.262956
       5.316138       1.937063      10.065807
       5.346167       1.761188       9.847514
       5.376196       1.643979       9.720770
       5.406225       1.453030       9.683962
       5.436254       1.137604       9.605434
       5.466283       0.799073       9.392447
       5.496312       0.543369       9.093886
       5.526341       0.372115       8.795642
       5.556370       0.235398       8.524633
       5.586399       0.107419       8.258216
       5.616428       0.000931       7.978803
       5.646457      -0.065396       7.694531
       5.676486      -0.086011       7.430792
       5.706516      -0.083884       7.215182
       5.736545      -0.104168       7.043048
       5.766574      -0.170506       6.866851
       5.796603      -0.250302       6.634510
       5.826632      -0.272224       6.349183
       5.856661      -0.201381       6.082352
       5.886690      -0.085046       5.902865
       5.916719      -0.005167       5.804079
       5.946748       0.007999       5.718765
       5.976777      -0.010035       5.601093
       6.006806      -0.020027       5.457496
       6.036835      -0.013938       5.311930
       6.066864      -0.004632       5.174179
       6.096893       0.000762       5.036037
       6.126922       0.008284       4.892554
       6.156951       0.019861       4.749644
       6.186980       0.023456       4.603665
       6.217009       0.026525       4.428537
       6.247038       0.070692       4.226090
       6.277067       0.170484       4.043566
       6.307096       0.289613       3.913016
       6.337125       0.390287       3.820230
       6.367154       0.467213       3.738064
       6.397183       0.528007       3.654711
       6.427212       0.578167       3.561247
       6.457241       0.633730       3.452116
       6.487270       0.708279       3.341888
       6.517299       0.793105       3.246982
       6.547328       0.872710       3.164690
       6.577357       0.945985       3.083010
       6.607386       1.020176       2.999375
       6.637415       1.097631       2.917154
       6.667444       1.177118       2.838075
       6.697473       1.256389       2.763420
       6.727503       1.327909       2.689449
       6.757532       1.394770       2.598477
       6.787561       1.482955       2.487491
       6.817590       1.605855       2.380991
       6.847619       1.751841       2.300249
       6.877648       1.900904       2.249858
       6.907677       2.039787       2.218952
       6.937706       2.171024       2.196883
       6.967735       2.297778       2.185462
       6.997764       2.413552       2.184446
       7.027793       2.515720       2.185297
       7.057822       2.607849       2.181579
       7.087851       2.695419       2.168933
       7.117880       2.786679       2.147595
       7.147909       2.885228       2.124087
       7.177938       2.986825       2.101094
       7.207967       3.090851       2.072613
       7.237996       3.205993       2.035499
       7.268025       3.341684       1.994330
       7.298054       3.505345       1.959778
       7.328083       3.696626       1.949240
       7.358112       3.901229       1.978055
       7.388141       4.097074       2.046932
       7.418170       4.270120       2.142493
       7.448199       4.418815       2.250828
       7.478228       4.545387       2.364102
       7.508257       4.650586       2.473643
       7.538286       4.743519       2.568615
       7.568315       4.839071       2.649699
       7.598344       4.943900       2.724423
       7.628373       5.062704       2.797682
       7.658402       5.199831       2.880944
       7.688431       5.346827       2.986571
       7.718460       5.489998       3.113192
       7.748489       5.627282       3.248133
       7.778519       5.775346       3.388095
       7.808548       5.944510       3.555671
       7.838577       6.117760       3.773163
       7.868606       6.271196       4.044590
       7.898635       6.383940       4.367478
       7.928664       6.425397       4.734739
       7.958693       6.357242       5.101917
       7.988722       6.198475       5.385901
       8.018751       6.038168       5.553970
       8.048780       5.951925       5.650675
       8.078809       5.967013       5.756849
       8.108838       6.040796       5.959776
       8.138867       6.066966       6.279723
       8.168896       5.971242       6.635804
       8.198925       5.790149       6.937567
       8.228954       5.589613       7.196303
       8.258983       5.345198       7.442382
       8.289012       5.036107       7.617202
       8.319041       4.736603       7.677008
       8.349070       4.515564       7.668384
       8.379099       4.382528       7.652822
       8.409128       4.320506       7.682427
       8.439157       4.278869       7.794490
       8.469186       4.190380       7.977983
       8.499215       4.018583       8.174250
       8.529244       3.786926       8.316585
       8.559273       3.570853       8.386767
       8.589302       3.427929       8.455565
       8.619331       3.303159       8.617829
       8.649360       3.074908       8.852525
       8.679389       2.713556       9.042876
       8.709418       2.287668       9.116021
       8.739447       1.873471       9.069221
       8.769476       1.528105       8.932696
       8.799506       1.290685       8.775976
       8.829535       1.117769       8.693644
       8.859564       0.890485       8.690756
       8.889593       0.545440       8.652501
       8.919622       0.169443       8.460316
       8.949651      -0.087634       8.151972
       8.979680      -0.207484       7.868276
       9.009709      -0.286691       7.667772
       9.039738      -0.397603       7.509214
       9.069767      -0.545416       7.324483
       9.099796      -0.674716       7.073082
       9.129825      -0.716936       6.787636
       9.159854      -0.671177       6.551584
       9.189883      -0.613374       6.397365
       9.219912      -0.588766       6.272115
       9.249941      -0.563913       6.138803
       9.279970      -0.515436       6.023425
       9.309999      -0.464465       5.944898
       9.340028      -0.431963       5.895330
       9.370057      -0.429141       5.856595
       9.400086      -0.447965       5.803771
       9.430115      -0.459605       5.736089
       9.460144      -0.461470       5.682877
       9.490173      -0.486576       5.648234
       9.520202      -0.551298       5.594996
       9.550231      -0.623787       5.483224
       9.580260      -0.642908       5.323769
       9.610289      -0.588395       5.180471
       9.640318      -0.504458       5.100032
       9.670347      -0.446378       5.069372
       9.700376      -0.429061       5.044909
       9.730405      -0.433210       4.994869
       9.760434      -0.423784       4.911746
       9.790463      -0.370891       4.817944
       9.820492      -0.269865       4.755482
       9.850522      -0.158517       4.759122
       9.880551      -0.088182       4.810086
       9.910580      -0.060460       4.861923
       9.940609      -0.047487       4.905095
       9.970638      -0.044034       4.948896
      10.000667      -0.045743       4.991803
      10.030696      -0.043537       5.050850
      10.060725      -0.064853       5.152902
      10.090754      -0.166200       5.275485
      10.120783      -0.355075       5.339054
      10.150812      -0.558131       5.293663
      10.180841      -0.698794       5.176999
      10.210870      -0.774181       5.060586
      10.240899      -0.830886       4.969538
      10.270928      -0.898626       4.879688
      10.300957      -0.966309       4.757717
      10.330986      -0.991680       4.599959
      10.361015      -0.947057       4.450096
      10.391044      -0.857173       4.357389
      10.421073      -0.769962       4.329114
      10.451102      -0.714677       4.345993
      10.481131      -0.707882       4.383345
      10.511160      -0.750195       4.408035
      10.541189      -0.820411       4.395564
      10.571218      -0.889985       4.339827
      10.601247      -0.930888       4.252832
      10.631276      -0.931695       4.167322
      10.661305      -0.914243       4.111775
      10.691334      -0.913885       4.081414
      10.721363      -0.940546       4.042685
      10.751392      -0.969915       3.976966
      10.781421      -0.982552       3.893964
      10.811450      -0.974956       3.804983
      10.841479      -0.945528       3.715170
      10.871509      -0.885320       3.633044
      10.901538      -0.794081       3.586954
      10.931567      -0.705514       3.599631
      10.961596      -0.662437       3.656177
      10.991625      -0.682294       3.714694
      11.021654      -0.748842       3.735343
      11.051683      -0.826111       3.700492
      11.081712      -0.877861       3.620767
      11.111741      -0.888623       3.524833
      11.141770      -0.863476       3.436910
      11.171799      -0.816283       3.370656
      11.201828      -0.762231       3.328725
      11.231857      -0.712354       3.306858
      11.261886      -0.672382       3.297192
      11.291915      -0.641662       3.292623
      11.321944      -0.617435       3.290936
      11.351973      -0.599812       3.290925
      11.382002      -0.585192       3.289634
      11.412031      -0.569300       3.294385
      11.442060      -0.564773       3.312759
      11.472089      -0.587393       3.330154
      11.502118      -0.629256       3.321389
      11.532147      -0.661498       3.280229
      11.562176      -0.664802       3.230946
      11.592205      -0.654305       3.197243
      11.622234      -0.650004       3.171864
      11.652263      -0.648790       3.140603
      11.682292      -0.640665       3.104137
      11.712321      -0.623213       3.068706
      11.742350      -0.597391       3.039491
      11.772379      -0.568283       3.021591
      11.802408      -0.545306       3.012970
      11.832437      -0.530478       3.002909
      11.862466      -0.514731       2.984878
      11.892495      -0.486043       2.962015
      11.922525      -0.434838       2.949686
      11.952554      -0.369962       2.975113
      11.982583      -0.331007       3.050099
      12.012612      -0.356136       3.140430
      12.042641      -0.436262       3.194445
      12.072670      -0.532078       3.190311
      12.102699      -0.605110       3.135121
      12.132728      -0.631360       3.060617
      12.162757      -0.621594       3.002713
      12.192786      -0.603753       2.968144
      12.222815      -0.588451       2.942609
      12.252844      -0.566678       2.920453
      12.282873      -0.534154       2.914932
      12.312902      -0.507011       2.938914
      12.342931      -0.510157       2.985187
      12.372960      -0.555150       3.026647
      12.402989      -0.628511       3.036613
      12.433018      -0.704323       3.008702
      12.463047      -0.767021       2.953645
      12.493076      -0.812648       2.878551
      12.523105      -0.832209       2.787638
      12.553134      -0.817053       2.697437
      12.583163      -0.776661       2.628604
      12.613192      -0.732202       2.584786
      12.643221      -0.694807       2.552817
      12.673250      -0.658105       2.522241
      12.703279      -0.614470       2.497302
      12.733308      -0.565866       2.484466
      12.763337      -0.516022       2.487545
      12.793366      -0.472996       2.510476
      12.823395      -0.449204       2.549591
      12.853424      -0.452229       2.591384
      12.883453      -0.476755       2.621017
      12.913482      -0.512447       2.633989
      12.943512      -0.552318       2.629287
      12.973541      -0.588878       2.608697
      13.003570      -0.619442       2.576316
      13.033599      -0.641063       2.531629
      13.063628      -0.645198       2.479153
      13.093657      -0.630937       2.431428
      13.123686      -0.606491       2.394629
      13.153715      -0.575882       2.367964
      13.183744      -0.539661       2.356400
      13.213773      -0.510681       2.367834
      13.243802      -0.509903       2.390409
      13.273831      -0.536081       2.395154
      13.303860      -0.563922       2.369680
      13.333889      -0.573049       2.325286
      13.363918      -0.558625       2.279998
      13.393947      -0.528131       2.247911
      13.423976      -0.494627       2.233573
      13.454005      -0.469705       2.231418
      13.484034      -0.455360       2.229867
      13.514063      -0.444214       2.223029
      13.544092      -0.430017       2.214044
      13.574121      -0.413624       2.208453
      13.604150      -0.401611       2.206026
      13.634179      -0.394340       2.195979
      13.664208      -0.375040       2.175102
      13.694237      -0.334300       2.163400
      13.724266      -0.288219       2.177084
      13.754295      -0.254249       2.209991
      13.784324      -0.234696       2.252400
      13.814353      -0.231282       2.302322
      13.844382      -0.250154       2.353506
      13.874411      -0.292693       2.393045
      13.904440      -0.348619       2.406189
      13.934469      -0.395856       2.392281
      13.964498      -0.422746       2.369649
      13.994528      -0.438000       2.354222
      14.024557      -0.455240       2.344690
      14.054586      -0.475485       2.331900
      14.084615      -0.492722       2.314735
      14.114644      -0.504795       2.298213
      14.144673      -0.516957       2.286945
      14.174702      -0.537005       2.275687
      14.204731      -0.561366       2.253206
      14.234760      -0.576041       2.219188
      14.264789      -0.575969       2.188016
      14.294818      -0.572499       2.167888
      14.324847      -0.573786       2.152650
      14.354876      -0.578549       2.136954
      14.384905      -0.585251       2.119197
      14.414934      -0.591637       2.097662
      14.444963      -0.594313       2.073517
      14.474992      -0.592305       2.049340
      14.505021      -0.584444       2.027860
      14.535050      -0.572540       2.015898
      14.565079      -0.568003       2.016411
      14.595108      -0.580473       2.018122
      14.625137      -0.604667       2.007253
      14.655166      -0.629002       1.980612
      14.685195      -0.644917       1.941710
      14.715224      -0.647110       1.898433
      14.745253      -0.638812       1.860127
      14.775282      -0.627845       1.827692
      14.805311      -0.616581       1.796425
      14.835340      -0.601489       1.763130
      14.865369      -0.576196       1.731082
      14.895398      -0.540853       1.711513
      14.925427      -0.508473       1.711629
      14.955456      -0.494103       1.723847
      14.985485      -0.501561       1.730745
      15.015515      -0.519183       1.717885
      15.045544      -0.529827       1.686267
      15.075573      -0.526024       1.646395
      15.105602      -0.507788       1.606408
      15.135631      -0.476983       1.572622
      15.165660      -0.437964       1.549731
      15.195689      -0.395809       1.540533
      15.225718      -0.358633       1.546294
      15.255747      -0.335344       1.559649
      15.285776      -0.323823       1.568652
      15.315805      -0.314853       1.570014
      15.345834      -0.302192       1.567497
      15.375863      -0.284269       1.567720
      15.405892      -0.265624       1.576987
      15.435921      -0.256330       1.595675
      15.465950      -0.263474       1.613210
      15.495979      -0.280987       1.617649
      15.526008      -0.297781       1.607971
      15.556037      -0.308299       1.589159
      15.586066      -0.311820       1.566291
      15.616095      -0.310953       1.540159
      15.646124      -0.302431       1.507460
      15.676153      -0.278083       1.472789
      15.706182      -0.236805       1.447911
      15.736211      -0.186350       1.442931
      15.766240      -0.140270       1.461361
      15.796269      -0.112839       1.496921
      15.826298      -0.111748       1.533367
      15.856327      -0.128975       1.552001
      15.886356      -0.144691       1.548602
      15.916385      -0.146122       1.534980
      15.946414      -0.134184       1.525507
      15.976443      -0.119659       1.527236
      16.006472      -0.113245       1.534529
      16.036502      -0.113652       1.535798
      16.066531      -0.110135       1.528600
      16.096560      -0.095901       1.520449
      16.126589      -0.072073       1.522782
      16.156618      -0.052485       1.542836
      16.186647      -0.051209       1.568977
      16.216676      -0.062567       1.585472
      16.246705      -0.074840       1.592394
      16.276734      -0.086864       1.595571
      16.306763      -0.102060       1.593029
      16.336792      -0.115241       1.577766
      16.366821      -0.112771       1.553395
      16.396850      -0.090607       1.536856
      16.426879      -0.060936       1.542103
      16.456908      -0.043425       1.568888
      16.486937      -0.050377       1.600181
      16.516966      -0.073937       1.618386
      16.546995      -0.101408       1.622779
      16.577024      -0.131113       1.615769
      16.607053      -0.158627       1.591865
      16.637082      -0.170230       1.553403
      16.667111      -0.159649       1.515257
      16.697140      -0.134175       1.491168
      16.727169      -0.108359       1.484647
      16.757198      -0.093051       1.486041
      16.787227      -0.084664       1.482637
      16.817256      -0.071703       1.473468
      16.847285      -0.049627       1.467903
      16.877314      -0.024150       1.473710
      16.907343      -0.004371       1.491275
      16.937372       0.003005       1.514423
      16.967401      -0.002980       1.534298
      16.997430      -0.017831       1.542228
      17.027459      -0.029468       1.534075
      17.057488      -0.025983       1.518581
      17.087518      -0.008114       1.510252
      17.117547       0.013086       1.515981
      17.147576       0.027505       1.531364
      17.177605       0.033996       1.547673
      17.207634       0.038259       1.561387
      17.237663       0.044627       1.576204
      17.267692       0.050701       1.598388
      17.297721       0.047277       1.628271
      17.327750       0.029377       1.655897
      17.357779       0.003238       1.672246
      17.387808      -0.021775       1.676999
      17.417837      -0.039833       1.675764
      17.447866      -0.050943       1.676410
      17.477895      -0.061936       1.683950
      17.507924      -0.080888       1.694082
      17.537953      -0.106077       1.698259
      17.567982      -0.130756       1.697345
      17.598011      -0.158005       1.696112
      17.628040      -0.193482       1.687629
      17.658069      -0.229117       1.661871
      17.688098      -0.250502       1.622407
      17.718127      -0.253649       1.583553
      17.748156      -0.247896       1.554093
      17.778185      -0.241213       1.530097
      17.808214      -0.231366       1.507345
      17.838243      -0.216425       1.489623
      17.868272      -0.201919       1.479019
      17.898301      -0.190126       1.469058
      17.928330      -0.172752       1.458546
      17.958359      -0.148723       1.459075
      17.988388      -0.131743       1.475251
      18.018417      -0.132457       1.495865
      18.048446      -0.146734       1.506281
      18.078475      -0.161614       1.503134
      18.108505      -0.170203       1.492623
      18.138534      -0.171008       1.480413
      18.168563      -0.166204       1.472437
      18.198592      -0.161830       1.469451
      18.228621      -0.159749       1.467513
      18.258650      -0.157565       1.465231
      18.288679      -0.155001       1.465144
      18.318708      -0.155657       1.466572
      18.348737      -0.158318       1.465317
      18.378766      -0.159207       1.463066
      18.408795      -0.161134       1.462731
      18.438824      -0.166585       1.459366
      18.468853      -0.168080       1.450168
      18.498882      -0.162091       1.444256
      18.528911      -0.157906       1.445875
      18.558940      -0.160371       1.446189
      18.588969      -0.160722       1.439384
      18.618998      -0.151096       1.433921
      18.649027      -0.137369       1.440333
      18.679056      -0.130909       1.458695
      18.709085      -0.138839       1.481172
      18.739114      -0.160587       1.497260
      18.769143      -0.188777       1.500875
      18.799172      -0.215755       1.492317
      18.829201      -0.236388       1.475317
      18.859230      -0.248909       1.455993
      18.889259      -0.258085       1.439516
      18.919288      -0.270720       1.421541
      18.949317      -0.282323       1.393088
      18.979346      -0.281439       1.356011
      19.009375      -0.263490       1.321106
      19.039404      -0.233252       1.299217
      19.069433      -0.202558       1.294373
      19.099462      -0.181678       1.299789
      19.129491      -0.170873       1.304525
      19.159521      -0.162700       1.303742
      19.189550      -0.151548       1.300477
      19.219579      -0.137264       1.298515
      19.249608      -0.120610       1.299425
      19.279637      -0.102809       1.305652
      19.309666      -0.088543       1.317875
      19.339695      -0.081153       1.330889
      19.369724      -0.076229       1.339174
      19.399753      -0.067182       1.345926
      19.429782      -0.055803       1.357988
      19.459811      -0.048650       1.375547
      19.489840      -0.048323       1.393254
      19.519869      -0.051882       1.406839
      19.549898      -0.055302       1.416483
      19.579927      -0.057262       1.424304
      19.609956      -0.058167       1.431290
      19.639985      -0.058500       1.436726
      19.670014      -0.055635       1.438132
      19.700043      -0.041986       1.438532
      19.730072      -0.016606       1.450676
      19.760101       0.007058       1.482451
      19.790130       0.016477       1.525626
      19.820159       0.012563       1.569190
      19.850188       0.000337       1.610123
      19.880217      -0.018339       1.647987
      19.910246      -0.040532       1.681281
      19.940275      -0.062020       1.714153
      19.970304      -0.088390       1.753671
      20.000333      -0.131476       1.794768
      20.030362      -0.191758       1.820753
      20.060391      -0.252643       1.822233
      20.090420      -0.299071       1.808299
      20.120449      -0.329699       1.791178
      20.150478      -0.347107       1.777603
      20.180508      -0.354919       1.773939
      20.210537      -0.361518       1.783663
      20.240566      -0.374029       1.802316
      20.270595      -0.391559       1.824572
      20.300624      -0.410609       1.851751
      20.330653      -0.432930       1.890734
      20.360682      -0.470772       1.945652
      20.390711      -0.539010       2.005978
      20.420740      -0.638732       2.051725
      20.450769      -0.758187       2.069729
      20.480798      -0.883334       2.056273
      20.510827      -1.001974       2.015724
      20.540856      -1.111034       1.956202
      20.570885      -1.210957       1.877417
      20.600914      -1.294063       1.779187
      20.630943      -1.354087       1.668201
      20.660972      -1.387404       1.552584
      20.691001      -1.394738       1.444014
      20.721030      -1.384656       1.351268
      20.751059      -1.367984       1.275887
      20.781088      -1.352913       1.212728
      20.811117      -1.340232       1.154501
      20.841146      -1.326610       1.099157
      20.871175      -1.311326       1.048225
      20.901204      -1.296402       1.002475
      20.931233      -1.284467       0.959777
      20.961262      -1.274593       0.916276
      20.991291      -1.263861       0.871743
      21.021320      -1.252339       0.826899
      21.051349      -1.239182       0.779876
      21.081378      -1.220421       0.731220
      21.111407      -1.194699       0.685746
      21.141436      -1.165643       0.646685
      21.171465      -1.136752       0.612747
      21.201494      -1.108415       0.581703
      21.231524      -1.079735       0.552974
      21.261553      -1.050604       0.526880
      21.291582      -1.020862       0.503392
      21.321611      -0.990417       0.483626
      21.351640      -0.960987       0.468352
      21.381669      -0.934123       0.456652
      21.411698      -0.910564       0.447402
      21.441727      -0.890989       0.439072
      21.471756      -0.874722       0.429283
      21.501785      -0.859210       0.417200
      21.531814      -0.842869       0.404122
      21.561843      -0.825427       0.391138
      21.591872      -0.806571       0.379570
      21.621901      -0.787876       0.371491
      21.651930      -0.772855       0.366026
      21.681959      -0.762096       0.359405
      21.711988      -0.753235       0.349749
      21.742017      -0.744393       0.337047
      21.772046      -0.733796       0.321711
      21.802075      -0.720064       0.305638
      21.832104      -0.703958       0.290908
      21.862133      -0.686875       0.277940
      21.892162      -0.669670       0.266450
      21.922191      -0.652604       0.255695
      21.952220      -0.634972       0.245433
      21.982249      -0.616408       0.236582
      22.012278      -0.597831       0.230117
      22.042307      -0.580874       0.225761
      22.072336      -0.566295       0.221813
      22.102365      -0.553030       0.216795
      22.132394      -0.539615       0.210863
      22.162423      -0.525506       0.204949
      22.192452      -0.511051       0.199932
      22.222481      -0.497244       0.195810
      22.252511      -0.484176       0.191482
      22.282540      -0.470530       0.186820
      22.312569      -0.455894       0.183355
      22.342598      -0.441661       0.182136
      22.372627      -0.429408       0.182592
      22.402656      -0.419928       0.183446
      22.432685      -0.413265       0.182884
      22.462714      -0.407834       0.179196
      22.492743      -0.401024       0.172581
      22.522772      -0.391560       0.165195
      22.552801      -0.380330       0.158856
      22.582830      -0.368661       0.153620
      22.612859      -0.356642       0.148930
      22.642888      -0.343990       0.145147
      22.672917      -0.331177       0.142818
      22.702946      -0.318970       0.141958
      22.732975      -0.307908       0.142076
      22.763004      -0.298045       0.142773
      22.793033      -0.289831       0.143817
      22.823062      -0.283533       0.143895
      22.853091      -0.277738       0.141887
      22.883120      -0.270753       0.138394
      22.913149      -0.262015       0.134938
      22.943178      -0.252111       0.132777
      22.973207      -0.241967       0.132501
      23.003236      -0.232690       0.134446
      23.033265      -0.225893       0.138322
      23.063294      -0.223103       0.142491
      23.093323      -0.224472       0.144017
      23.123352      -0.227331       0.140065
      23.153381      -0.227173       0.131495
      23.183410      -0.222911       0.122352
      23.213439      -0.216736       0.114451
      23.243468      -0.209826       0.107202
      23.273497      -0.202062       0.100446
      23.303527      -0.193752       0.094642
      23.333556      -0.185801       0.089637
      23.363585      -0.178400       0.084319
      23.393614      -0.170483       0.078192
      23.423643      -0.161295       0.072022
      23.453672      -0.151051       0.066646
      23.483701      -0.140310       0.062400
      23.513730      -0.129588       0.059249
      23.543759      -0.119198       0.056916
      23.573788      -0.109164       0.055160
      23.603817      -0.099512       0.053934
      23.633846      -0.090376       0.053108
      23.663875      -0.081734       0.052476
      23.693904      -0.073512       0.052000
      23.723933      -0.065804       0.051623
      23.753962      -0.058628       0.051093
      23.783991      -0.051766       0.050180
      23.814020      -0.044875       0.048875
      23.844049      -0.037721       0.047438
      23.874078      -0.030384       0.046169
      23.904107      -0.023093       0.045120
      23.934136      -0.015926       0.044156
      23.964165      -0.008814       0.043236
      23.994194      -0.001760       0.042387
      24.024223       0.005240       0.041555
      24.054252       0.012299       0.040738
      24.084281       0.019496       0.040077
      24.114310       0.026757       0.039756
      24.144339       0.033882       0.039860
      24.174368       0.040655       0.040320
      24.204397       0.046954       0.040946
      24.234426       0.052825       0.041552
      24.264455       0.058339       0.042102
      24.294484       0.063420       0.042535
      24.324514       0.068082       0.042577
      24.354543       0.072654       0.042021
      24.384572       0.077514       0.041012
      24.414601       0.082786       0.039892
      24.444630       0.088313       0.038898
      24.474659       0.093940       0.038002
      24.504688       0.099736       0.037165
      24.534717       0.105749       0.036575
      24.564746       0.111765       0.036401
      24.594775       0.117530       0.036532
      24.624804       0.123037       0.036763
      24.654833       0.128379       0.037063
      24.684862       0.133551       0.037482
      24.714891       0.138469       0.038043
      24.744920       0.142979       0.038690
      24.774949       0.146939       0.039183
      24.804978       0.150474       0.039105
      24.835007       0.154106       0.038289
      24.865036       0.158230       0.037061
      24.895065       0.162873       0.035771
      24.925094       0.167985       0.034656
      24.955123       0.173412       0.033955
      24.985152       0.178878       0.033773
      25.015181       0.184119       0.034048
      25.045210       0.188949       0.034603
      25.075239       0.193321       0.035187
      25.105268       0.197342       0.035618
      25.135297       0.201137       0.035828
      25.165326       0.204812       0.035774
      25.195355       0.208518       0.035466
      25.225384       0.212351       0.035033
      25.255413       0.216270       0.034589
      25.285442       0.220203       0.034163
      25.315471       0.224091       0.033711
      25.345501       0.227967       0.033145
      25.375530       0.231958       0.032466
      25.405559       0.236125       0.031798
      25.435588       0.240418       0.031245
      25.465617       0.244765       0.030852
      25.495646       0.249086       0.030640
      25.525675       0.253278       0.030582
      25.555704       0.257280       0.030558
      25.585733       0.261169       0.030447
      25.615762       0.265080       0.030266
      25.645791       0.269046       0.030133
      25.675820       0.272997       0.030122
      25.705849       0.276836       0.030226
      25.735878       0.280516       0.030376
      25.765907       0.284065       0.030526
      25.795936       0.287467       0.030706
      25.825965       0.290608       0.030876
      25.855994       0.293444       0.030819
      25.886023       0.296190       0.030328
      25.916052       0.299153       0.029473
      25.946081       0.302469       0.028506
      25.976110       0.306046       0.027690
      26.006139       0.309627       0.027085
      26.036168       0.313068       0.026513
      26.066197       0.316464       0.025805
      26.096226       0.319984       0.024979
      26.126255       0.323677       0.024174
      26.156284       0.327475       0.023466
      26.186313       0.331336       0.022864
      26.216342       0.335238       0.022400
      26.246371       0.339110       0.022114
      26.276400       0.342821       0.021974
      26.306429       0.346307       0.021811
      26.336458       0.349706       0.021473
      26.366487       0.353188       0.021021
      26.396517       0.356764       0.020579
      26.426546       0.360386       0.020192
      26.456575       0.364019       0.019869
      26.486604       0.367633       0.019606
      26.516633       0.371210       0.019383
      26.546662       0.374756       0.019185
      26.576691       0.378261       0.019019
      26.606720       0.381703       0.018843
      26.636749       0.385145       0.018611
      26.666778       0.388667       0.018388
      26.696807       0.392229       0.018291
      26.726836       0.395704       0.018332
      26.756865       0.399017       0.018425
      26.786894       0.402172       0.018477
      26.816923       0.405209       0.018409
      26.846952       0.408229       0.018171
      26.876981       0.411350       0.017815
      26.907010       0.414589       0.017459
      26.937039       0.417875       0.017152
      26.967068       0.421173       0.016863
      26.997097       0.424513       0.016581
      27.027126       0.427914       0.016348
      27.057155       0.431342       0.016213
      27.087184       0.434737       0.016183
      27.117213       0.438062       0.016226
      27.147242       0.441305       0.016317
      27.177271       0.444444       0.016435
      27.207300       0.447470       0.016532
      27.237329       0.450402       0.016568
      27.267358       0.453253       0.016503
      27.297387       0.456086       0.016270
      27.327416       0.459044       0.015881
      27.357445       0.462208       0.015480
      27.387474       0.465511       0.015211
      27.417504       0.468821       0.015108
      27.447533       0.472045       0.015110
      27.477562       0.475168       0.015122
      27.507591       0.478259       0.015087
      27.537620       0.481382       0.015052
      27.567649       0.484502       0.015073
      27.597678       0.487575       0.015124
      27.627707       0.490617       0.015180
      27.657736       0.493633       0.015260
      27.687765       0.496588       0.015352
      27.717794       0.499490       0.015407
      27.747823       0.502387       0.015422
      27.777852       0.505285       0.015422
      27.807881       0.508189       0.015401
      27.837910       0.511119       0.015381
      27.867939       0.514055       0.015384
      27.897968       0.516988       0.015389
      27.927997       0.519961       0.015410
      27.958026       0.522969       0.015524
      27.988055       0.525919       0.015778
      28.018084       0.528694       0.016130
      28.048113       0.531227       0.016446
      28.078142       0.533569       0.016556
      28.108171       0.535896       0.016367
      28.138200       0.538411       0.015947
      28.168229       0.541191       0.015488
      28.198258       0.544153       0.015149
      28.228287       0.547166       0.014968
      28.258316       0.550138       0.014896
      28.288345       0.553052       0.014863
      28.318374       0.555928       0.014838
      28.348403       0.558776       0.014805
      28.378432       0.561624       0.014746
      28.408461       0.564516       0.014684
      28.438490       0.567444       0.014685
      28.468520       0.570324       0.014764
      28.498549       0.573115       0.014840
      28.528578       0.575884       0.014843
      28.558607       0.578716       0.014821
      28.588636       0.581589       0.014864
      28.618665       0.584415       0.014980
      28.648694       0.587167       0.015095
      28.678723       0.589889       0.015184
      28.708752       0.592577       0.015265
      28.738781       0.595219       0.015298
      28.768810       0.597872       0.015244
      28.798839       0.600605       0.015146
      28.828868       0.603413       0.015077
      28.858897       0.606261       0.015071
      28.888926       0.609105       0.015146
      28.918955       0.611877       0.015289
      28.948984       0.614544       0.015412
      28.979013       0.617171       0.015448
      29.009042       0.619836       0.015409
      29.039071       0.622580       0.015352
      29.069100       0.625390       0.015351
      29.099129       0.628192       0.015446
      29.129158       0.630916       0.015593
      29.159187       0.633556       0.015734
      29.189216       0.636122       0.015831
      29.219245       0.638642       0.015839
      29.249274       0.641177       0.015742
      29.279303       0.643781       0.015565
      29.309332       0.646491       0.015365
      29.339361       0.649285       0.015220
      29.369390       0.652088       0.015149
      29.399419       0.654853       0.015108
      29.429448       0.657595       0.015058
      29.459477       0.660330       0.014997
      29.489507       0.663051       0.014928
      29.519536       0.665746       0.014827
      29.549565       0.668433       0.014652
      29.579594       0.671178       0.014386
      29.609623       0.674037       0.014080
      29.639652       0.677011       0.013794
      29.669681       0.680076       0.013574
      29.699710       0.683191       0.013448
      29.729739       0.686306       0.013414
      29.759768       0.689385       0.013445
      29.789797       0.692418       0.013497
      29.819826       0.695427       0.013545
      29.849855       0.698432       0.013580
      29.879884       0.701457       0.013609
      29.909913       0.704507       0.013662
      29.939942       0.707553       0.013751
      29.969971       0.710575       0.013850
      30.000000       0.713594       0.013935
