  # energy grid [eV]     epsr     epsi
       0.001000      -0.000306      -0.000002
       0.031029      -0.000306      -0.000002
       0.061058      -0.000306      -0.000002
       0.091087      -0.000306      -0.000002
       0.121116      -0.000306      -0.000001
       0.151145      -0.000306      -0.000001
       0.181174      -0.000305      -0.000001
       0.211203      -0.000305      -0.000001
       0.241232      -0.000305      -0.000001
       0.271261      -0.000305      -0.000001
       0.301290      -0.000305      -0.000001
       0.331319      -0.000304      -0.000001
       0.361348      -0.000304      -0.000001
       0.391377      -0.000304      -0.000001
       0.421406      -0.000303      -0.000000
       0.451435      -0.000303      -0.000000
       0.481464      -0.000302      -0.000000
       0.511493      -0.000302      -0.000000
       0.541523      -0.000301       0.000000
       0.571552      -0.000301       0.000000
       0.601581      -0.000300       0.000000
       0.631610      -0.000299       0.000000
       0.661639      -0.000299       0.000001
       0.691668      -0.000298       0.000001
       0.721697      -0.000297       0.000001
       0.751726      -0.000296       0.000001
       0.781755      -0.000295       0.000001
       0.811784      -0.000295       0.000001
       0.841813      -0.000294       0.000001
       0.871842      -0.000293       0.000002
       0.901871      -0.000292       0.000002
       0.931900      -0.000291       0.000002
       0.961929      -0.000289       0.000002
       0.991958      -0.000288       0.000002
       1.021987      -0.000287       0.000002
       1.052016      -0.000286       0.000003
       1.082045      -0.000284       0.000003
       1.112074      -0.000283       0.000003
       1.142103      -0.000281       0.000003
       1.172132      -0.000280       0.000003
       1.202161      -0.000278       0.000004
       1.232190      -0.000277       0.000004
       1.262219      -0.000275       0.000004
       1.292248      -0.000273       0.000004
       1.322277      -0.000271       0.000005
       1.352306      -0.000269       0.000005
       1.382335      -0.000267       0.000005
       1.412364      -0.000265       0.000006
       1.442393      -0.000262       0.000006
       1.472422      -0.000260       0.000006
       1.502451      -0.000258       0.000007
       1.532480      -0.000255       0.000007
       1.562510      -0.000252       0.000007
       1.592539      -0.000249       0.000008
       1.622568      -0.000246       0.000008
       1.652597      -0.000243       0.000009
       1.682626      -0.000240       0.000009
       1.712655      -0.000237       0.000010
       1.742684      -0.000233       0.000010
       1.772713      -0.000230       0.000011
       1.802742      -0.000226       0.000011
       1.832771      -0.000222       0.000012
       1.862800      -0.000218       0.000013
       1.892829      -0.000213       0.000013
       1.922858      -0.000209       0.000014
       1.952887      -0.000204       0.000015
       1.982916      -0.000199       0.000016
       2.012945      -0.000193       0.000016
       2.042974      -0.000188       0.000017
       2.073003      -0.000182       0.000018
       2.103032      -0.000176       0.000019
       2.133061      -0.000169       0.000020
       2.163090      -0.000163       0.000021
       2.193119      -0.000156       0.000022
       2.223148      -0.000148       0.000024
       2.253177      -0.000141       0.000025
       2.283206      -0.000132       0.000027
       2.313235      -0.000124       0.000028
       2.343264      -0.000115       0.000030
       2.373293      -0.000105       0.000031
       2.403322      -0.000095       0.000033
       2.433351      -0.000084       0.000035
       2.463380      -0.000073       0.000037
       2.493409      -0.000061       0.000040
       2.523438      -0.000048       0.000042
       2.553467      -0.000035       0.000045
       2.583496      -0.000021       0.000047
       2.613526      -0.000006       0.000050
       2.643555       0.000010       0.000054
       2.673584       0.000027       0.000057
       2.703613       0.000045       0.000061
       2.733642       0.000064       0.000065
       2.763671       0.000084       0.000070
       2.793700       0.000106       0.000075
       2.823729       0.000129       0.000080
       2.853758       0.000154       0.000086
       2.883787       0.000181       0.000093
       2.913816       0.000210       0.000100
       2.943845       0.000241       0.000108
       2.973874       0.000274       0.000117
       3.003903       0.000310       0.000127
       3.033932       0.000349       0.000137
       3.063961       0.000391       0.000150
       3.093990       0.000436       0.000163
       3.124019       0.000486       0.000179
       3.154048       0.000541       0.000196
       3.184077       0.000600       0.000216
       3.214106       0.000665       0.000238
       3.244135       0.000737       0.000264
       3.274164       0.000817       0.000294
       3.304193       0.000905       0.000328
       3.334222       0.001005       0.000367
       3.364251       0.001117       0.000412
       3.394280       0.001246       0.000465
       3.424309       0.001399       0.000527
       3.454338       0.001587       0.000605
       3.484367       0.001826       0.000720
       3.514396       0.002115       0.000915
       3.544425       0.002418       0.001227
       3.574454       0.002691       0.001668
       3.604483       0.002884       0.002249
       3.634513       0.002917       0.002947
       3.664542       0.002738       0.003679
       3.694571       0.002355       0.004363
       3.724600       0.001784       0.004927
       3.754629       0.001104       0.005281
       3.784658       0.000453       0.005461
       3.814687      -0.000202       0.005591
       3.844716      -0.001020       0.005554
       3.874745      -0.001784       0.005043
       3.904774      -0.002025       0.004273
       3.934803      -0.001839       0.003679
       3.964832      -0.001345       0.003273
       3.994861      -0.000484       0.003335
       4.024890       0.000306       0.004173
       4.054919       0.000560       0.005605
       4.084948      -0.000015       0.007390
       4.114977      -0.001785       0.008994
       4.145006      -0.004501       0.009461
       4.175035      -0.007133       0.008366
       4.205064      -0.008646       0.006217
       4.235093      -0.008907       0.004190
       4.265122      -0.008761       0.002648
       4.295151      -0.008272       0.001109
       4.325180      -0.006952       0.000005
       4.355209      -0.005469       0.000225
       4.385238      -0.005178       0.001260
       4.415267      -0.005940       0.001663
       4.445296      -0.006743       0.001206
       4.475325      -0.007195       0.000208
       4.505354      -0.007055      -0.001158
       4.535383      -0.005927      -0.002486
       4.565412      -0.003916      -0.002820
       4.595441      -0.002087      -0.001645
       4.625470      -0.001489       0.000493
       4.655499      -0.002474       0.002503
       4.685529      -0.004473       0.003300
       4.715558      -0.006254       0.002625
       4.745587      -0.006785       0.001344
       4.775616      -0.006414       0.000987
       4.805645      -0.006899       0.001621
       4.835674      -0.008654       0.001487
       4.865703      -0.010180      -0.000223
       4.895732      -0.010285      -0.002527
       4.925761      -0.009346      -0.004102
       4.955790      -0.008435      -0.004841
       4.985819      -0.007967      -0.005361
       5.015848      -0.007712      -0.006261
       5.045877      -0.006959      -0.007643
       5.075906      -0.005200      -0.008755
       5.105935      -0.003071      -0.008672
       5.135964      -0.001720      -0.007725
       5.165993      -0.001142      -0.007035
       5.196022      -0.000341      -0.006732
       5.226051       0.000799      -0.005899
       5.256080       0.001379      -0.004328
       5.286109       0.000929      -0.002866
       5.316138       0.000161      -0.002176
       5.346167      -0.000370      -0.001683
       5.376196      -0.001234      -0.001143
       5.406225      -0.002503      -0.001253
       5.436254      -0.003357      -0.002219
       5.466283      -0.003330      -0.003287
       5.496312      -0.002926      -0.003849
       5.526341      -0.002719      -0.004182
       5.556370      -0.002504      -0.004772
       5.586399      -0.001793      -0.005449
       5.616428      -0.000596      -0.005660
       5.646457       0.000594      -0.005146
       5.676486       0.001356      -0.004122
       5.706516       0.001553      -0.002857
       5.736545       0.001058      -0.001659
       5.766574       0.000037      -0.000991
       5.796603      -0.000994      -0.001014
       5.826632      -0.001664      -0.001379
       5.856661      -0.002147      -0.001776
       5.886690      -0.002555      -0.002356
       5.916719      -0.002651      -0.003124
       5.946748      -0.002343      -0.003806
       5.976777      -0.001836      -0.004149
       6.006806      -0.001425      -0.004234
       6.036835      -0.001113      -0.004220
       6.066864      -0.000983      -0.004096
       6.096893      -0.001139      -0.004204
       6.126922      -0.001041      -0.004762
       6.156951      -0.000391      -0.005157
       6.186980       0.000293      -0.005084
       6.217009       0.000774      -0.004849
       6.247038       0.001180      -0.004578
       6.277067       0.001533      -0.004172
       6.307096       0.001628      -0.003640
       6.337125       0.001421      -0.003328
       6.367154       0.001345      -0.003377
       6.397183       0.001619      -0.003346
       6.427212       0.001876      -0.002981
       6.457241       0.001866      -0.002499
       6.487270       0.001608      -0.002103
       6.517299       0.001219      -0.001952
       6.547328       0.000933      -0.002021
       6.577357       0.000771      -0.002116
       6.607386       0.000616      -0.002228
       6.637415       0.000483      -0.002472
       6.667444       0.000589      -0.002842
       6.697473       0.000985      -0.003009
       6.727503       0.001319      -0.002850
       6.757532       0.001427      -0.002625
       6.787561       0.001431      -0.002482
       6.817590       0.001424      -0.002415
       6.847619       0.001445      -0.002382
       6.877648       0.001485      -0.002358
       6.907677       0.001557      -0.002357
       6.937706       0.001706      -0.002317
       6.967735       0.001848      -0.002162
       6.997764       0.001876      -0.001962
       7.027793       0.001824      -0.001847
       7.057822       0.001837      -0.001823
       7.087851       0.001969      -0.001737
       7.117880       0.002070      -0.001478
       7.147909       0.001976      -0.001162
       7.177938       0.001729      -0.000971
       7.207967       0.001470      -0.000952
       7.237996       0.001320      -0.001052
       7.268025       0.001326      -0.001117
       7.298054       0.001330      -0.001008
       7.328083       0.001124      -0.000855
       7.358112       0.000761      -0.000920
       7.388141       0.000513      -0.001245
       7.418170       0.000491      -0.001626
       7.448199       0.000608      -0.001963
       7.478228       0.000837      -0.002248
       7.508257       0.001163      -0.002431
       7.538286       0.001513      -0.002483
       7.568315       0.001810      -0.002432
       7.598344       0.002025      -0.002375
       7.628373       0.002243      -0.002389
       7.658402       0.002577      -0.002423
       7.688431       0.003030      -0.002362
       7.718460       0.003557      -0.002158
       7.748489       0.004124      -0.001743
       7.778519       0.004615      -0.001077
       7.808548       0.004963      -0.000176
       7.838577       0.005026       0.001024
       7.868606       0.004493       0.002390
       7.898635       0.003226       0.003456
       7.928664       0.001547       0.003782
       7.958693      -0.000136       0.003272
       7.988722      -0.001340       0.001851
       8.018751      -0.001356       0.000002
       8.048780      -0.000197      -0.001248
       8.078809       0.001373      -0.001252
       8.108838       0.002266      -0.000058
       8.138867       0.001745       0.001259
       8.168896       0.000509       0.001470
       8.198925      -0.000180       0.000833
       8.228954      -0.000348       0.000228
       8.258983      -0.000270      -0.000385
       8.289012       0.000253      -0.000730
       8.319041       0.000614      -0.000376
       8.349070       0.000093      -0.000010
       8.379099      -0.000770      -0.000693
       8.409128      -0.000640      -0.002213
       8.439157       0.000712      -0.003240
       8.469186       0.002338      -0.003145
       8.499215       0.003431      -0.002281
       8.529244       0.003847      -0.001353
       8.559273       0.004063      -0.000731
       8.589302       0.004546      -0.000127
       8.619331       0.005172       0.001248
       8.649360       0.004473       0.003596
       8.679389       0.001577       0.004743
       8.709418      -0.001177       0.002861
       8.739447      -0.001068      -0.000372
       8.769476       0.001397      -0.001880
       8.799506       0.003551      -0.001152
       8.829535       0.004555      -0.000025
       8.859564       0.005680       0.001115
       8.889593       0.006460       0.003654
       8.919622       0.004969       0.006476
       8.949651       0.002341       0.007287
       8.979680       0.000782       0.006721
       9.009709       0.000128       0.006631
       9.039738      -0.001179       0.006943
       9.069767      -0.002991       0.006160
       9.099796      -0.003711       0.004261
       9.129825      -0.002820       0.002838
       9.159854      -0.001558       0.002918
       9.189883      -0.001107       0.003914
       9.219912      -0.001462       0.004962
       9.249941      -0.002320       0.005902
       9.279970      -0.003779       0.006686
       9.309999      -0.005923       0.006887
       9.340028      -0.008394       0.006045
       9.370057      -0.010661       0.003791
       9.400086      -0.011174       0.000181
       9.430115      -0.009295      -0.002235
       9.460144      -0.007831      -0.002309
       9.490173      -0.008198      -0.002413
       9.520202      -0.008723      -0.004115
       9.550231      -0.007742      -0.006508
       9.580260      -0.005301      -0.007946
       9.610289      -0.002799      -0.007649
       9.640318      -0.001485      -0.006558
       9.670347      -0.000891      -0.005836
       9.700376      -0.000301      -0.005316
       9.730405       0.000238      -0.004736
       9.760434       0.000793      -0.004071
       9.790463       0.001285      -0.002925
       9.820492       0.000905      -0.001246
       9.850522      -0.000877      -0.000148
       9.880551      -0.003034      -0.000886
       9.910580      -0.003732      -0.002958
       9.940609      -0.002780      -0.004449
       9.970638      -0.001637      -0.004655
      10.000667      -0.001216      -0.004345
      10.030696      -0.001308      -0.004389
      10.060725      -0.001254      -0.004895
      10.090754      -0.000793      -0.005509
      10.120783       0.000029      -0.005926
      10.150812       0.000999      -0.005995
      10.180841       0.001975      -0.005751
      10.210870       0.002852      -0.005126
      10.240899       0.003348      -0.004245
      10.270928       0.003486      -0.003394
      10.300957       0.003357      -0.002694
      10.330986       0.003219      -0.002257
      10.361015       0.003241      -0.001661
      10.391044       0.002800      -0.000758
      10.421073       0.001646      -0.000317
      10.451102       0.000467      -0.000861
      10.481131       0.000066      -0.002117
      10.511160       0.000758      -0.003247
      10.541189       0.002064      -0.003467
      10.571218       0.003058      -0.002636
      10.601247       0.003021      -0.001492
      10.631276       0.002347      -0.001047
      10.661305       0.002025      -0.001197
      10.691334       0.002087      -0.001160
      10.721363       0.001985      -0.000859
      10.751392       0.001578      -0.000644
      10.781421       0.001017      -0.000775
      10.811450       0.000643      -0.001314
      10.841479       0.000681      -0.002026
      10.871509       0.001205      -0.002662
      10.901538       0.002118      -0.002828
      10.931567       0.002943      -0.002339
      10.961596       0.003228      -0.001443
      10.991625       0.002810      -0.000684
      11.021654       0.002091      -0.000584
      11.051683       0.001731      -0.001044
      11.081712       0.001917      -0.001504
      11.111741       0.002347      -0.001666
      11.141770       0.002818      -0.001570
      11.171799       0.003244      -0.001190
      11.201828       0.003355      -0.000565
      11.231857       0.003069      -0.000116
      11.261886       0.002802       0.000012
      11.291915       0.002678       0.000098
      11.321944       0.002578       0.000220
      11.351973       0.002459       0.000379
      11.382002       0.002220       0.000553
      11.412031       0.001830       0.000558
      11.442060       0.001509       0.000235
      11.472089       0.001575      -0.000243
      11.502118       0.001987      -0.000494
      11.532147       0.002474      -0.000407
      11.562176       0.002858      -0.000002
      11.592205       0.002907       0.000605
      11.622234       0.002592       0.001079
      11.652263       0.002173       0.001267
      11.682292       0.001833       0.001253
      11.712321       0.001627       0.001197
      11.742350       0.001402       0.001163
      11.772379       0.001176       0.000951
      11.802408       0.001239       0.000657
      11.832437       0.001472       0.000651
      11.862466       0.001477       0.000824
      11.892495       0.001380       0.000805
      11.922525       0.001504       0.000769
      11.952554       0.001622       0.001025
      11.982583       0.001399       0.001336
      12.012612       0.001023       0.001326
      12.042641       0.000875       0.001085
      12.072670       0.000993       0.000947
      12.102699       0.001137       0.001063
      12.132728       0.001100       0.001328
      12.162757       0.000832       0.001569
      12.192786       0.000385       0.001595
      12.222815       0.000035       0.001313
      12.252844      -0.000050       0.000998
      12.282873      -0.000081       0.000791
      12.312902      -0.000119       0.000541
      12.342931      -0.000006       0.000228
      12.372960       0.000291       0.000066
      12.402989       0.000551       0.000129
      12.433018       0.000664       0.000272
      12.463047       0.000662       0.000380
      12.493076       0.000632       0.000414
      12.523105       0.000623       0.000411
      12.553134       0.000641       0.000396
      12.583163       0.000687       0.000384
      12.613192       0.000768       0.000410
      12.643221       0.000818       0.000499
      12.673250       0.000802       0.000574
      12.703279       0.000796       0.000590
      12.733308       0.000866       0.000612
      12.763337       0.000965       0.000730
      12.793366       0.001009       0.000931
      12.823395       0.000982       0.001202
      12.853424       0.000765       0.001540
      12.883453       0.000281       0.001698
      12.913482      -0.000179       0.001480
      12.943512      -0.000330       0.001111
      12.973541      -0.000281       0.000870
      13.003570      -0.000204       0.000735
      13.033599      -0.000090       0.000675
      13.063628      -0.000006       0.000748
      13.093657      -0.000081       0.000869
      13.123686      -0.000270       0.000857
      13.153715      -0.000385       0.000690
      13.183744      -0.000341       0.000535
      13.213773      -0.000268       0.000496
      13.243802      -0.000242       0.000498
      13.273831      -0.000245       0.000517
      13.303860      -0.000306       0.000528
      13.333889      -0.000380       0.000467
      13.363918      -0.000386       0.000379
      13.393947      -0.000366       0.000353
      13.423976      -0.000422       0.000343
      13.454005      -0.000503       0.000219
      13.484034      -0.000434       0.000016
      13.514063      -0.000197      -0.000044
      13.544092      -0.000027       0.000134
      13.574121      -0.000083       0.000363
      13.604150      -0.000288       0.000488
      13.634179      -0.000565       0.000455
      13.664208      -0.000782       0.000225
      13.694237      -0.000808      -0.000082
      13.724266      -0.000689      -0.000314
      13.754295      -0.000521      -0.000446
      13.784324      -0.000354      -0.000490
      13.814353      -0.000233      -0.000468
      13.844382      -0.000189      -0.000432
      13.874411      -0.000203      -0.000481
      13.904440      -0.000101      -0.000619
      13.934469       0.000118      -0.000632
      13.964498       0.000261      -0.000521
      13.994528       0.000318      -0.000418
      14.024557       0.000358      -0.000344
      14.054586       0.000404      -0.000265
      14.084615       0.000432      -0.000149
      14.114644       0.000378      -0.000013
      14.144673       0.000236       0.000040
      14.174702       0.000115      -0.000045
      14.204731       0.000132      -0.000218
      14.234760       0.000347      -0.000298
      14.264789       0.000551      -0.000124
      14.294818       0.000534       0.000127
      14.324847       0.000394       0.000261
      14.354876       0.000262       0.000308
      14.384905       0.000127       0.000318
      14.414934      -0.000003       0.000245
      14.444963      -0.000025       0.000117
      14.474992       0.000040       0.000070
      14.505021       0.000066       0.000107
      14.535050       0.000029       0.000132
      14.565079      -0.000000       0.000109
      14.595108       0.000021       0.000109
      14.625137       0.000002       0.000188
      14.655166      -0.000144       0.000234
      14.685195      -0.000304       0.000112
      14.715224      -0.000301      -0.000088
      14.745253      -0.000173      -0.000194
      14.775282      -0.000035      -0.000182
      14.805311       0.000055      -0.000072
      14.835340       0.000029       0.000097
      14.865369      -0.000135       0.000227
      14.895398      -0.000394       0.000238
      14.925427      -0.000661       0.000065
      14.955456      -0.000784      -0.000263
      14.985485      -0.000706      -0.000591
      15.015515      -0.000512      -0.000808
      15.045544      -0.000300      -0.000919
      15.075573      -0.000093      -0.000964
      15.105602       0.000093      -0.000951
      15.135631       0.000256      -0.000909
      15.165660       0.000406      -0.000816
      15.195689       0.000480      -0.000681
      15.225718       0.000486      -0.000589
      15.255747       0.000503      -0.000550
      15.285776       0.000551      -0.000496
      15.315805       0.000568      -0.000409
      15.345834       0.000545      -0.000352
      15.375863       0.000533      -0.000328
      15.405892       0.000527      -0.000304
      15.435921       0.000520      -0.000309
      15.465950       0.000577      -0.000332
      15.495979       0.000691      -0.000272
      15.526008       0.000730      -0.000102
      15.556037       0.000623       0.000040
      15.586066       0.000481       0.000041
      15.616095       0.000443      -0.000044
      15.646124       0.000511      -0.000073
      15.676153       0.000567       0.000003
      15.706182       0.000543       0.000104
      15.736211       0.000467       0.000172
      15.766240       0.000372       0.000184
      15.796269       0.000319       0.000149
      15.826298       0.000306       0.000146
      15.856327       0.000253       0.000167
      15.886356       0.000175       0.000131
      15.916385       0.000155       0.000051
      15.946414       0.000193       0.000007
      15.976443       0.000232       0.000012
      16.006472       0.000249       0.000054
      16.036502       0.000206       0.000111
      16.066531       0.000118       0.000110
      16.096560       0.000056       0.000049
      16.126589       0.000038      -0.000022
      16.156618       0.000048      -0.000101
      16.186647       0.000135      -0.000169
      16.216676       0.000253      -0.000102
      16.246705       0.000217       0.000050
      16.276734       0.000042       0.000083
      16.306763      -0.000093      -0.000059
      16.336792      -0.000060      -0.000250
      16.366821       0.000081      -0.000328
      16.396850       0.000177      -0.000291
      16.426879       0.000190      -0.000258
      16.456908       0.000201      -0.000279
      16.486937       0.000263      -0.000292
      16.516966       0.000318      -0.000250
      16.546995       0.000332      -0.000196
      16.577024       0.000316      -0.000147
      16.607053       0.000268      -0.000131
      16.637082       0.000242      -0.000160
      16.667111       0.000245      -0.000180
      16.697140       0.000244      -0.000199
      16.727169       0.000263      -0.000226
      16.757198       0.000289      -0.000231
      16.787227       0.000307      -0.000238
      16.817256       0.000340      -0.000235
      16.847285       0.000351      -0.000206
      16.877314       0.000322      -0.000203
      16.907343       0.000309      -0.000258
      16.937372       0.000361      -0.000330
      16.967401       0.000469      -0.000362
      16.997430       0.000599      -0.000335
      17.027459       0.000725      -0.000233
      17.057488       0.000792      -0.000053
      17.087518       0.000746       0.000153
      17.117547       0.000585       0.000306
      17.147576       0.000360       0.000329
      17.177605       0.000201       0.000199
      17.207634       0.000193       0.000052
      17.237663       0.000248      -0.000011
      17.267692       0.000285      -0.000015
      17.297721       0.000277       0.000000
      17.327750       0.000231      -0.000043
      17.357779       0.000272      -0.000154
      17.387808       0.000427      -0.000175
      17.417837       0.000534      -0.000039
      17.447866       0.000480       0.000121
      17.477895       0.000333       0.000168
      17.507924       0.000218       0.000080
      17.537953       0.000233      -0.000065
      17.567982       0.000383      -0.000134
      17.598011       0.000564      -0.000023
      17.628040       0.000585       0.000247
      17.658069       0.000359       0.000466
      17.688098       0.000025       0.000466
      17.718127      -0.000244       0.000241
      17.748156      -0.000300      -0.000107
      17.778185      -0.000138      -0.000375
      17.808214       0.000086      -0.000475
      17.838243       0.000272      -0.000469
      17.868272       0.000409      -0.000407
      17.898301       0.000483      -0.000317
      17.928330       0.000503      -0.000247
      17.958359       0.000509      -0.000214
      17.988388       0.000527      -0.000211
      18.018417       0.000595      -0.000212
      18.048446       0.000699      -0.000153
      18.078475       0.000773      -0.000018
      18.108505       0.000762       0.000170
      18.138534       0.000615       0.000322
      18.168563       0.000431       0.000312
      18.198592       0.000379       0.000210
      18.228621       0.000439       0.000214
      18.258650       0.000402       0.000352
      18.288679       0.000181       0.000424
      18.318708      -0.000062       0.000274
      18.348737      -0.000122      -0.000008
      18.378766      -0.000004      -0.000220
      18.408795       0.000144      -0.000315
      18.438824       0.000283      -0.000367
      18.468853       0.000440      -0.000376
      18.498882       0.000585      -0.000328
      18.528911       0.000710      -0.000239
      18.558940       0.000802      -0.000108
      18.588969       0.000847       0.000051
      18.618998       0.000836       0.000231
      18.649027       0.000738       0.000406
      18.679056       0.000565       0.000515
      18.709085       0.000368       0.000529
      18.739114       0.000196       0.000444
      18.769143       0.000122       0.000291
      18.799172       0.000156       0.000175
      18.829201       0.000219       0.000149
      18.859230       0.000225       0.000187
      18.889259       0.000157       0.000192
      18.919288       0.000107       0.000130
      18.949317       0.000095       0.000075
      18.979346       0.000066       0.000022
      19.009375       0.000057      -0.000082
      19.039404       0.000125      -0.000176
      19.069433       0.000216      -0.000197
      19.099462       0.000266      -0.000159
      19.129491       0.000232      -0.000106
      19.159521       0.000103      -0.000131
      19.189550      -0.000018      -0.000329
      19.219579       0.000036      -0.000644
      19.249608       0.000297      -0.000892
      19.279637       0.000646      -0.000975
      19.309666       0.000972      -0.000902
      19.339695       0.001213      -0.000737
      19.369724       0.001356      -0.000545
      19.399753       0.001426      -0.000401
      19.429782       0.001528      -0.000322
      19.459811       0.001719      -0.000203
      19.489840       0.001915       0.000062
      19.519869       0.001967       0.000439
      19.549898       0.001835       0.000773
      19.579927       0.001632       0.000948
      19.609956       0.001521       0.001014
      19.639985       0.001501       0.001154
      19.670014       0.001391       0.001389
      19.700043       0.001154       0.001563
      19.730072       0.000890       0.001631
      19.760101       0.000629       0.001607
      19.790130       0.000427       0.001483
      19.820159       0.000329       0.001318
      19.850188       0.000330       0.001156
      19.880217       0.000445       0.001044
      19.910246       0.000638       0.001066
      19.940275       0.000807       0.001270
      19.970304       0.000814       0.001619
      20.000333       0.000585       0.001956
      20.030362       0.000197       0.002132
      20.060391      -0.000204       0.002096
      20.090420      -0.000498       0.001924
      20.120449      -0.000670       0.001709
      20.150478      -0.000722       0.001513
      20.180508      -0.000716       0.001428
      20.210537      -0.000791       0.001413
      20.240566      -0.000924       0.001327
      20.270595      -0.000995       0.001186
      20.300624      -0.001012       0.001069
      20.330653      -0.000994       0.000986
      20.360682      -0.000957       0.000986
      20.390711      -0.001000       0.001089
      20.420740      -0.001225       0.001205
      20.450769      -0.001623       0.001152
      20.480798      -0.001998       0.000812
      20.510827      -0.002144       0.000313
      20.540856      -0.002085      -0.000166
      20.570885      -0.001876      -0.000579
      20.600914      -0.001559      -0.000861
      20.630943      -0.001222      -0.001003
      20.660972      -0.000918      -0.001027
      20.691001      -0.000701      -0.000986
      20.721030      -0.000549      -0.000966
      20.751059      -0.000382      -0.000976
      20.781088      -0.000169      -0.000945
      20.811117       0.000025      -0.000824
      20.841146       0.000141      -0.000662
      20.871175       0.000198      -0.000499
      20.901204       0.000192      -0.000345
      20.931233       0.000135      -0.000234
      20.961262       0.000055      -0.000173
      20.991291      -0.000035      -0.000175
      21.021320      -0.000078      -0.000252
      21.051349      -0.000024      -0.000326
      21.081378       0.000065      -0.000326
      21.111407       0.000123      -0.000283
      21.141436       0.000154      -0.000230
      21.171465       0.000158      -0.000182
      21.201494       0.000157      -0.000155
      21.231524       0.000162      -0.000125
      21.261553       0.000151      -0.000093
      21.291582       0.000133      -0.000082
      21.321611       0.000125      -0.000082
      21.351640       0.000119      -0.000092
      21.381669       0.000139      -0.000120
      21.411698       0.000203      -0.000129
      21.441727       0.000279      -0.000076
      21.471756       0.000299       0.000026
      21.501785       0.000255       0.000106
      21.531814       0.000195       0.000134
      21.561843       0.000161       0.000130
      21.591872       0.000157       0.000133
      21.621901       0.000153       0.000163
      21.651930       0.000122       0.000202
      21.681959       0.000068       0.000223
      21.711988       0.000010       0.000213
      21.742017      -0.000031       0.000181
      21.772046      -0.000045       0.000144
      21.802075      -0.000049       0.000124
      21.832104      -0.000062       0.000105
      21.862133      -0.000070       0.000073
      21.892162      -0.000058       0.000040
      21.922191      -0.000037       0.000020
      21.952220      -0.000012       0.000009
      21.982249       0.000013       0.000012
      22.012278       0.000026       0.000025
      22.042307       0.000028       0.000028
      22.072336       0.000043       0.000023
      22.102365       0.000069       0.000035
      22.132394       0.000084       0.000065
      22.162423       0.000081       0.000096
      22.192452       0.000070       0.000122
      22.222481       0.000050       0.000148
      22.252511       0.000015       0.000168
      22.282540      -0.000030       0.000166
      22.312569      -0.000066       0.000141
      22.342598      -0.000083       0.000105
      22.372627      -0.000078       0.000070
      22.402656      -0.000061       0.000049
      22.432685      -0.000040       0.000038
      22.462714      -0.000014       0.000043
      22.492743      -0.000001       0.000071
      22.522772      -0.000016       0.000102
      22.552801      -0.000054       0.000115
      22.582830      -0.000095       0.000096
      22.612859      -0.000112       0.000055
      22.642888      -0.000101       0.000021
      22.672917      -0.000084       0.000005
      22.702946      -0.000071      -0.000002
      22.732975      -0.000065      -0.000006
      22.763004      -0.000064      -0.000013
      22.793033      -0.000060      -0.000029
      22.823062      -0.000044      -0.000048
      22.853091      -0.000014      -0.000056
      22.883120       0.000013      -0.000042
      22.913149       0.000023      -0.000021
      22.943178       0.000022      -0.000005
      22.973207       0.000016       0.000005
      23.003236       0.000007       0.000009
      23.033265      -0.000000       0.000004
      23.063294       0.000002      -0.000004
      23.093323       0.000010      -0.000005
      23.123352       0.000012       0.000000
      23.153381       0.000008       0.000001
      23.183410       0.000006      -0.000005
      23.213439       0.000013      -0.000011
      23.243468       0.000024      -0.000008
      23.273497       0.000025       0.000003
      23.303527       0.000015       0.000007
      23.333556       0.000009      -0.000002
      23.363585       0.000012      -0.000011
      23.393614       0.000018      -0.000018
      23.423643       0.000026      -0.000025
      23.453672       0.000040      -0.000029
      23.483701       0.000054      -0.000027
      23.513730       0.000065      -0.000022
      23.543759       0.000077      -0.000015
      23.573788       0.000088      -0.000006
      23.603817       0.000099       0.000009
      23.633846       0.000102       0.000027
      23.663875       0.000099       0.000042
      23.693904       0.000096       0.000050
      23.723933       0.000102       0.000060
      23.753962       0.000107       0.000081
      23.783991       0.000097       0.000108
      23.814020       0.000077       0.000127
      23.844049       0.000056       0.000138
      23.874078       0.000036       0.000144
      23.904107       0.000016       0.000149
      23.934136      -0.000009       0.000152
      23.964165      -0.000038       0.000146
      23.994194      -0.000063       0.000126
      24.024223      -0.000074       0.000101
      24.054252      -0.000073       0.000083
      24.084281      -0.000075       0.000074
      24.114310      -0.000083       0.000063
      24.144339      -0.000089       0.000043
      24.174368      -0.000081       0.000019
      24.204397      -0.000064       0.000008
      24.234426      -0.000051       0.000009
      24.264455      -0.000046       0.000013
      24.294484      -0.000048       0.000015
      24.324514      -0.000053       0.000013
      24.354543      -0.000058       0.000003
      24.384572      -0.000053      -0.000012
      24.414601      -0.000040      -0.000019
      24.444630      -0.000030      -0.000016
      24.474659      -0.000027      -0.000013
      24.504688      -0.000025      -0.000015
      24.534717      -0.000020      -0.000016
      24.564746      -0.000014      -0.000014
      24.594775      -0.000012      -0.000010
      24.624804      -0.000011      -0.000007
      24.654833      -0.000011      -0.000002
      24.684862      -0.000016       0.000003
      24.714891      -0.000026       0.000004
      24.744920      -0.000034      -0.000004
      24.774949      -0.000037      -0.000015
      24.804978      -0.000032      -0.000026
      24.835007      -0.000024      -0.000032
      24.865036      -0.000016      -0.000034
      24.895065      -0.000010      -0.000032
      24.925094      -0.000007      -0.000027
      24.955123      -0.000011      -0.000025
      24.985152      -0.000014      -0.000030
      25.015181      -0.000009      -0.000035
      25.045210      -0.000004      -0.000033
      25.075239      -0.000005      -0.000030
      25.105268      -0.000009      -0.000032
      25.135297      -0.000012      -0.000038
      25.165326      -0.000010      -0.000049
      25.195355      -0.000000      -0.000058
      25.225384       0.000012      -0.000058
      25.255413       0.000021      -0.000053
      25.285442       0.000025      -0.000048
      25.315471       0.000028      -0.000044
      25.345501       0.000030      -0.000040
      25.375530       0.000030      -0.000036
      25.405559       0.000028      -0.000034
      25.435588       0.000028      -0.000034
      25.465617       0.000029      -0.000034
      25.495646       0.000029      -0.000035
      25.525675       0.000030      -0.000036
      25.555704       0.000033      -0.000036
      25.585733       0.000036      -0.000035
      25.615762       0.000038      -0.000033
      25.645791       0.000039      -0.000030
      25.675820       0.000038      -0.000027
      25.705849       0.000035      -0.000026
      25.735878       0.000034      -0.000029
      25.765907       0.000037      -0.000032
      25.795936       0.000041      -0.000031
      25.825965       0.000043      -0.000028
      25.855994       0.000041      -0.000026
      25.886023       0.000041      -0.000027
      25.916052       0.000042      -0.000028
      25.946081       0.000044      -0.000028
      25.976110       0.000045      -0.000027
      26.006139       0.000047      -0.000026
      26.036168       0.000048      -0.000025
      26.066197       0.000049      -0.000023
      26.096226       0.000048      -0.000022
      26.126255       0.000048      -0.000022
      26.156284       0.000049      -0.000022
      26.186313       0.000050      -0.000021
      26.216342       0.000050      -0.000021
      26.246371       0.000051      -0.000021
      26.276400       0.000052      -0.000022
      26.306429       0.000055      -0.000021
      26.336458       0.000058      -0.000019
      26.366487       0.000059      -0.000016
      26.396517       0.000058      -0.000012
      26.426546       0.000056      -0.000010
      26.456575       0.000055      -0.000010
      26.486604       0.000055      -0.000011
      26.516633       0.000056      -0.000010
      26.546662       0.000057      -0.000009
      26.576691       0.000057      -0.000007
      26.606720       0.000056      -0.000004
      26.636749       0.000053      -0.000003
      26.666778       0.000051      -0.000004
      26.696807       0.000051      -0.000005
      26.726836       0.000051      -0.000005
      26.756865       0.000051      -0.000005
      26.786894       0.000050      -0.000006
      26.816923       0.000051      -0.000006
      26.846952       0.000052      -0.000006
      26.876981       0.000052      -0.000005
      26.907010       0.000052      -0.000005
      26.937039       0.000052      -0.000004
      26.967068       0.000052      -0.000004
      26.997097       0.000053      -0.000004
      27.027126       0.000053      -0.000002
      27.057155       0.000052      -0.000001
      27.087184       0.000051      -0.000001
      27.117213       0.000051      -0.000002
      27.147242       0.000051      -0.000002
      27.177271       0.000051      -0.000001
      27.207300       0.000051      -0.000001
      27.237329       0.000050      -0.000001
      27.267358       0.000050      -0.000001
      27.297387       0.000051      -0.000001
      27.327416       0.000051      -0.000000
      27.357445       0.000051       0.000001
      27.387474       0.000050       0.000001
      27.417504       0.000049       0.000002
      27.447533       0.000048       0.000001
      27.477562       0.000048       0.000001
      27.507591       0.000048       0.000001
      27.537620       0.000048       0.000001
      27.567649       0.000048       0.000001
      27.597678       0.000048       0.000002
      27.627707       0.000047       0.000003
      27.657736       0.000045       0.000002
      27.687765       0.000043       0.000000
      27.717794       0.000044      -0.000002
      27.747823       0.000046      -0.000004
      27.777852       0.000048      -0.000004
      27.807881       0.000049      -0.000003
      27.837910       0.000049      -0.000001
      27.867939       0.000049      -0.000000
      27.897968       0.000048      -0.000000
      27.927997       0.000049       0.000000
      27.958026       0.000048       0.000001
      27.988055       0.000046       0.000002
      28.018084       0.000044       0.000001
      28.048113       0.000043      -0.000001
      28.078142       0.000044      -0.000004
      28.108171       0.000045      -0.000005
      28.138200       0.000047      -0.000005
      28.168229       0.000048      -0.000004
      28.198258       0.000048      -0.000003
      28.228287       0.000048      -0.000003
      28.258316       0.000047      -0.000003
      28.288345       0.000046      -0.000003
      28.318374       0.000046      -0.000005
      28.348403       0.000047      -0.000006
      28.378432       0.000048      -0.000006
      28.408461       0.000049      -0.000006
      28.438490       0.000050      -0.000005
      28.468520       0.000050      -0.000005
      28.498549       0.000050      -0.000005
      28.528578       0.000051      -0.000005
      28.558607       0.000052      -0.000004
      28.588636       0.000052      -0.000003
      28.618665       0.000051      -0.000002
      28.648694       0.000049      -0.000002
      28.678723       0.000047      -0.000003
      28.708752       0.000047      -0.000005
      28.738781       0.000048      -0.000008
      28.768810       0.000050      -0.000009
      28.798839       0.000053      -0.000008
      28.828868       0.000054      -0.000007
      28.858897       0.000055      -0.000005
      28.888926       0.000054      -0.000004
      28.918955       0.000053      -0.000003
      28.948984       0.000052      -0.000003
      28.979013       0.000051      -0.000004
      29.009042       0.000050      -0.000006
      29.039071       0.000051      -0.000008
      29.069100       0.000053      -0.000009
      29.099129       0.000055      -0.000009
      29.129158       0.000056      -0.000008
      29.159187       0.000057      -0.000008
      29.189216       0.000058      -0.000007
      29.219245       0.000059      -0.000007
      29.249274       0.000059      -0.000006
      29.279303       0.000060      -0.000004
      29.309332       0.000059      -0.000003
      29.339361       0.000057      -0.000002
      29.369390       0.000056      -0.000003
      29.399419       0.000057      -0.000004
      29.429448       0.000058      -0.000005
      29.459477       0.000058      -0.000005
      29.489507       0.000059      -0.000004
      29.519536       0.000058      -0.000004
      29.549565       0.000058      -0.000005
      29.579594       0.000059      -0.000006
      29.609623       0.000060      -0.000006
      29.639652       0.000061      -0.000005
      29.669681       0.000062      -0.000004
      29.699710       0.000062      -0.000003
      29.729739       0.000061      -0.000003
      29.759768       0.000062      -0.000003
      29.789797       0.000062      -0.000003
      29.819826       0.000062      -0.000002
      29.849855       0.000062      -0.000002
      29.879884       0.000062      -0.000002
      29.909913       0.000063      -0.000002
      29.939942       0.000063      -0.000001
      29.969971       0.000063      -0.000001
      30.000000       0.000062      -0.000001
